600,'4614',657,,10418,7,,,0,75,,10435,7,,,0,75,,10417,7,,,0,35,,10434,7,,,0,75,,10425,7,,,0,110,,10426,7,,,0,110,,10427,7,,,0,110,,10423,7,,,0,110,,10424,7,,,0,75,,10429,7,,,0,75,,10422,7,,,0,35,,10428,7,,,0,75,,10421,7,,,0,35,,10431,7,,,0,75,,10420,7,,,0,75,,10432,7,,,0,35,,10419,7,,,0,110,,10433,7,,,0,110,,10430,7,,,0,154,,10436,7,,,0
600,'5556',847,,10437,7,,,0,160,,10438,7,,,0,120,,10439,7,,,0,120,,10441,7,,,0,160,,10443,7,,,0,120,,10444,7,,,0,120,,10440,7,,,0,160,,10442,7,,,0
600,'5557',810,,10454,7,,,0,100,,10446,7,,,0,100,,10445,7,,,0,100,,10448,7,,,0,100,,10450,7,,,0,100,,10447,7,,,0,100,,10451,7,,,0,100,,10452,7,,,0,100,,10449,7,,,0,100,,10453,7,,,0
1800,'4614',625,,11415,23,4,,0,106,,11416,23,4,,0,27,,11397,23,4,,0,66,,11417,23,4,,0,29,,11398,23,4,,0,68,,11420,23,4,,0,27,,11399,23,4,,0,80,,11403,23,4,,0,80,,11402,23,4,,0,40,,11400,23,4,,0,80,,11401,23,4,,0,80,,11396,23,4,,0,40,,11407,23,4,,0,80,,11405,23,4,,0,28,,11419,23,4,,0,67,,11408,23,4,,0,29,,11418,23,4,,0,68,,11406,23,4,,0,30,,11421,23,4,,0,66,,11404,23,4,,0,30,,11422,23,4,,0,70,,11409,23,4,,0,95,,11411,23,4,,0,37,,11410,23,4,,0,80,,11412,23,4,,0,83,,11413,23,4,,0,115,,11414,23,4,,0
1800,'5556',744,,11435,23,4,,0,103,,11428,23,4,,0,155,,11427,23,4,,0,120,,11426,23,4,,0,115,,11425,23,4,,0,120,,11424,23,4,,0,155,,11423,23,4,,0,120,,11429,23,4,,0,115,,11430,23,4,,0,157,,11431,23,4,,0,115,,11432,23,4,,0,115,,11433,23,4,,0,115,,11434,23,4,,0
1800,'5557',744,,11446,23,4,,0,102,,11438,23,4,,0,100,,11439,23,4,,0,100,,11437,23,4,,0,100,,11436,23,4,,0,100,,11440,23,4,,0,100,,11441,23,4,,0,100,,11442,23,4,,0,100,,11443,23,4,,0,100,,11444,23,4,,0,100,,11445,23,4,,0,83,,11447,23,4,,0,115,,11448,23,4,,0,115,,11449,23,4,,0,155,,11450,23,4,,0,115,,11451,23,4,,0,115,,11452,23,4,,0
1801,'4614',625,,11471,1,,,0,107,,11473,1,,,0,26,,11453,1,,,0,66,,11474,1,,,0,29,,11454,1,,,0,68,,11477,1,,,0,27,,11456,1,,,0,80,,11455,1,,,0,80,,11460,1,,,0,40,,11461,1,,,0,80,,11463,1,,,0,80,,11462,1,,,0,40,,11457,1,,,0,80,,11458,1,,,0,28,,11476,1,,,0,68,,11459,1,,,0,28,,11475,1,,,0,68,,11472,1,,,0,30,,11478,1,,,0,67,,11466,1,,,0,30,,11479,1,,,0,69,,11465,1,,,0,95,,11469,1,,,0,37,,11468,1,,,0,80,,11467,1,,,0,120,,11470,1,,,0,109,,11464,1,,,0
1801,'5556',813,,11484,1,,,0,115,,11485,1,,,0,120,,11482,1,,,0,155,,11483,1,,,0,120,,11481,1,,,0,115,,11480,1,,,0,120,,11486,1,,,0,155,,11487,1,,,0,120,,11488,1,,,0,115,,11489,1,,,0,155,,11490,1,,,0,115,,11491,1,,,0
1801,'5557',744,,11494,1,,,0,102,,11498,1,,,0,100,,11499,1,,,0,100,,11502,1,,,0,100,,11503,1,,,0,100,,11500,1,,,0,100,,11501,1,,,0,100,,11504,1,,,0,100,,11505,1,,,0,100,,11506,1,,,0,100,,11507,1,,,0,167,,11495,1,,,0,115,,11497,1,,,0,115,,11493,1,,,0,115,,11496,1,,,0,155,,11492,1,,,0
1900,'4614',719,,11540,17,4,,0,20,,11539,17,4,,0,20,,11536,17,4,,0,60,,11537,17,4,,0,19,,11514,17,4,,0,20,,11534,17,4,,0,61,,11513,17,4,,0,35,,11520,17,4,,0,75,,11517,17,4,,0,75,,11516,17,4,,0,35,,11515,17,4,,0,75,,11518,17,4,,0,35,,11519,17,4,,0,75,,11522,17,4,,0,35,,11523,17,4,,0,76,,11526,17,4,,0,20,,11508,17,4,,0,1,,11541,10,4,,0,59,,11524,17,4,,0,20,,11509,17,4,,0,20,,11525,17,4,,0,60,,11511,17,4,,0,20,,11521,17,4,,0,20,,11510,17,4,,0,60,,11528,17,4,,0,19,,11512,17,4,,0,20,,11527,17,4,,0,75,,11529,17,4,,0,75,,11531,17,4,,0,34,,11532,17,4,,0,75,,11530,17,4,,0,35,,11533,17,4,,0,100,,11538,17,4,,0,109,,11535,17,4,,0
1900,'5556',813,,11547,17,4,,0,115,,11546,17,4,,0,120,,11545,17,4,,0,155,,11544,17,4,,0,120,,11543,17,4,,0,115,,11542,17,4,,0,120,,11548,17,4,,0,155,,11549,17,4,,0,120,,11551,17,4,,0,115,,11550,17,4,,0,155,,11552,17,4,,0,115,,11553,17,4,,0
1900,'5557',743,,11555,17,4,,0,75,,11556,17,4,,0,35,,11557,17,4,,0,75,,11554,17,4,,0,75,,11558,17,4,,0,35,,11560,17,4,,0,75,,11561,17,4,,0,35,,11562,17,4,,0,75,,11559,17,4,,0,35,,11563,17,4,,0,75,,11565,17,4,,0,75,,11566,17,4,,0,35,,11567,17,4,,0,75,,11564,17,4,,0,35,,11568,17,4,,0,75,,11569,17,4,,0,75,,11570,17,4,,0,35,,11571,17,4,,0,75,,11572,17,4,,0,100,,11573,17,4,,0,115,,11574,17,4,,0,115,,11575,17,4,,0,115,,11577,17,4,,0,155,,11576,17,4,,0
1901,'4614',719,,11610,1,,,0,20,,11606,1,,,0,20,,11607,1,,,0,60,,11605,1,,,0,19,,11586,1,,,0,20,,11601,1,,,0,61,,11584,1,,,0,35,,11585,1,,,0,75,,11582,1,,,0,75,,11587,1,,,0,35,,11588,1,,,0,75,,11589,1,,,0,35,,11593,1,,,0,75,,11590,1,,,0,35,,11591,1,,,0,76,,11594,1,,,0,20,,11579,1,,,0,1,,11611,1,,,0,59,,11592,1,,,0,20,,11578,1,,,0,20,,11597,1,,,0,60,,11580,1,,,0,20,,11598,1,,,0,20,,11581,1,,,0,60,,11596,1,,,0,19,,11583,1,,,0,20,,11600,1,,,0,75,,11604,1,,,0,75,,11602,1,,,0,34,,11595,1,,,0,75,,11599,1,,,0,35,,11603,1,,,0,63,,11609,1,,,0,115,,11608,1,,,0
1901,'5556',744,,11624,1,,,0,103,,11617,1,,,0,155,,11616,1,,,0,120,,11615,1,,,0,115,,11614,1,,,0,120,,11613,1,,,0,155,,11612,1,,,0,120,,11618,1,,,0,115,,11619,1,,,0,157,,11620,1,,,0,115,,11621,1,,,0,115,,11622,1,,,0,115,,11623,1,,,0
1901,'5557',743,,11633,1,,,0,75,,11635,1,,,0,35,,11637,1,,,0,75,,11634,1,,,0,75,,11639,1,,,0,35,,11636,1,,,0,75,,11640,1,,,0,35,,11641,1,,,0,75,,11644,1,,,0,35,,11645,1,,,0,75,,11638,1,,,0,75,,11642,1,,,0,35,,11646,1,,,0,75,,11647,1,,,0,35,,11643,1,,,0,75,,11648,1,,,0,75,,11649,1,,,0,35,,11631,1,,,0,75,,11632,1,,,0,16,,11625,1,,,0,115,,11627,1,,,0,115,,11628,1,,,0,155,,11629,1,,,0,115,,11626,1,,,0,115,,11630,1,,,0
