1000,'4614',549,,10827,34,4,,0,80,,10821,34,4,,0,20,,10809,34,4,,0,60,,10817,34,4,,0,21,,10812,34,4,,0,23,,10823,34,4,,0,60,,10810,34,4,,0,20,,10818,34,4,,0,20,,10808,34,4,,0,61,,10814,34,4,,0,25,,10824,34,4,,0,74,,10811,34,4,,0,32,,10813,34,4,,0,73,,10822,34,4,,0,32,,10819,34,4,,0,72,,10816,34,4,,0,32,,10826,34,4,,0,72,,10820,34,4,,0,32,,10815,34,4,,0,72,,10825,34,4,,0,28,,10841,34,4,,0,61,,10807,34,4,,0,20,,10829,34,4,,0,61,,10830,34,4,,0,20,,10831,34,4,,0,20,,10832,34,4,,0,60,,10833,34,4,,0,19,,10834,34,4,,0,18,,10835,34,4,,0,18,,10836,34,4,,0,58,,10837,34,4,,0,19,,10838,34,4,,0,79,,10839,34,4,,0,39,,10840,34,4,,0,80,,10805,34,4,,0,78,,10842,34,4,,0,39,,10806,34,4,,0,78,,10803,34,4,,0,80,,10843,34,4,,0,40,,10802,34,4,,0,79,,10804,34,4,,0,80,,10844,34,4,,0
1000,'5556',755,,10857,34,4,,0,87,,10845,34,4,,0,86,,10858,34,4,,0,85,,10846,34,4,,0,46,,10847,34,4,,0,85,,10849,34,4,,0,85,,10859,34,4,,0,85,,10850,34,4,,0,45,,10848,34,4,,0,85,,10851,34,4,,0,85,,10860,34,4,,0,85,,10852,34,4,,0,45,,10855,34,4,,0,85,,10856,34,4,,0,82,,10861,34,4,,0,85,,10854,34,4,,0,44,,10853,34,4,,0,85,,10864,34,4,,0,82,,10865,34,4,,0,85,,10862,34,4,,0,45,,10867,34,4,,0,85,,10863,34,4,,0,85,,10866,34,4,,0
1000,'5557',758,,10889,34,4,,0,86,,10876,34,4,,0,87,,10877,34,4,,0,87,,10871,34,4,,0,86,,10870,34,4,,0,45,,10878,34,4,,0,85,,10879,34,4,,0,85,,10872,34,4,,0,85,,10885,34,4,,0,45,,10886,34,4,,0,85,,10883,34,4,,0,85,,10888,34,4,,0,85,,10881,34,4,,0,44,,10875,34,4,,0,83,,10890,34,4,,0,84,,10880,34,4,,0,44,,10868,34,4,,0,85,,10884,34,4,,0,82,,10873,34,4,,0,84,,10869,34,4,,0,43,,10887,34,4,,0,84,,10874,34,4,,0,85,,10882,34,4,,0
1001,'4614',520,,10895,1,,,0,20,,10918,1,,,0,60,,10896,1,,,0,20,,10897,1,,,0,20,,10898,1,,,0,60,,10899,1,,,0,15,,10900,1,,,0,15,,10901,1,,,0,20,,10902,1,,,0,60,,10903,1,,,0,20,,10904,1,,,0,20,,10905,1,,,0,60,,10906,1,,,0,20,,10907,1,,,0,28,,10908,1,,,0,72,,10919,1,,,0,72,,10909,1,,,0,32,,10910,1,,,0,72,,10911,1,,,0,32,,10912,1,,,0,72,,10913,1,,,0,32,,10920,1,,,0,72,,10914,1,,,0,30,,10930,1,,,0,68,,10931,1,,,0,20,,10915,1,,,0,20,,10921,1,,,0,60,,10922,1,,,0,20,,10923,1,,,0,20,,10924,1,,,0,60,,10925,1,,,0,20,,10926,1,,,0,20,,10927,1,,,0,60,,10928,1,,,0,30,,10934,1,,,0,80,,10935,1,,,0,80,,10929,1,,,0,40,,10916,1,,,0,80,,10917,1,,,0,80,,10932,1,,,0,40,,10894,1,,,0,80,,10891,1,,,0,80,,10933,1,,,0,40,,10892,1,,,0,73,,10893,1,0,5 6,0
1001,'5556',730,,10936,1,,,0,85,,10942,1,,,0,85,,10949,1,,,0,45,,10939,1,,,0,85,,10937,1,,,0,85,,10938,1,,,0,85,,10950,1,,,0,45,,10941,1,,,0,85,,10940,1,,,0,85,,10947,1,,,0,85,,10951,1,,,0,45,,10943,1,,,0,85,,10948,1,,,0,85,,10945,1,,,0,85,,10952,1,,,0,45,,10946,1,,,0,85,,10944,1,,,0,85,,10956,1,,,0,85,,10955,1,,,0,45,,10957,1,,,0,85,,10954,1,,,0,85,,10958,1,,,0,85,,10953,1,,,0
1001,'5557',730,,10962,1,,,0,85,,10960,1,,,0,85,,10961,1,,,0,45,,10976,1,,,0,85,,10968,1,,,0,85,,10974,1,,,0,85,,10972,1,,,0,45,,10981,1,,,0,85,,10965,1,,,0,85,,10977,1,,,0,85,,10971,1,,,0,45,,10969,1,,,0,85,,10959,1,,,0,85,,10964,1,,,0,85,,10973,1,,,0,45,,10970,1,,,0,85,,10979,1,,,0,85,,10963,1,,,0,85,,10967,1,,,0,45,,10975,1,,,0,85,,10966,1,,,0,85,,10978,1,,,0,85,,10980,1,,,0
1400,'4614',720,,11244,42,4,,0,30,,11245,42,4,,0,71,,11243,42,4,,0,33,,11242,42,4,,0,70,,11246,42,4,,0,30,,11260,42,4,,0,100,,11261,42,4,,0,100,,11259,42,4,,0,100,,11262,42,4,,0,100,,11252,42,4,,0,101,,11253,42,4,,0,100,,11248,42,4,,0,69,,11247,42,4,,0,30,,11249,42,4,,0,70,,11250,42,4,,0,30,,11251,42,4,,0,68,,11258,42,4,,0,28,,11257,42,4,,0,100,,11256,42,4,,0,100,,11255,42,4,,0,100,,11254,42,4,,0
1400,'5556',841,,11267,42,4,,0,105,,11268,42,4,,0,100,,11266,42,4,,0,100,,11263,42,4,,0,100,,11265,42,4,,0,100,,11269,42,4,,0,100,,11264,42,4,,0,100,,11275,42,4,,0,100,,11276,42,4,,0,100,,11272,42,4,,0,95,,11273,42,4,,0,100,,11271,42,4,,0,100,,11274,42,4,,0,100,,11270,42,4,,0
1400,'5557',841,,11289,42,4,,0,105,,11290,42,4,,0,100,,11286,42,4,,0,100,,11287,42,4,,0,100,,11285,42,4,,0,100,,11288,42,4,,0,100,,11284,42,4,,0,100,,11277,42,4,,0,100,,11278,42,4,,0,100,,11280,42,4,,0,95,,11281,42,4,,0,100,,11279,42,4,,0,100,,11282,42,4,,0,100,,11283,42,4,,0
1401,'4614',635,,11292,1,,,0,70,,11294,1,,,0,30,,11295,1,,,0,70,,11291,1,,,0,30,,11293,1,,,0,70,,11302,1,,,0,100,,11303,1,,,0,100,,11304,1,,,0,100,,11305,1,,,0,100,,11306,1,,,0,100,,11307,1,,,0,100,,11297,1,,,0,30,,11299,1,,,0,70,,11296,1,,,0,30,,11298,1,,,0,70,,11300,1,,,0,30,,11308,1,,,0,70,,11309,1,,,0,100,,11310,1,,,0,100,,11311,1,,,0,100,,11301,1,,,0
1401,'5556',800,,11312,1,,,0,100,,11315,1,,,0,100,,11314,1,,,0,100,,11317,1,,,0,100,,11318,1,,,0,100,,11316,1,,,0,100,,11313,1,,,0,100,,11321,1,,,0,100,,11322,1,,,0,100,,11319,1,,,0,100,,11324,1,,,0,100,,11325,1,,,0,100,,11323,1,,,0,100,,11320,1,,,0
1401,'5557',800,,11334,1,,,0,100,,11336,1,,,0,100,,11335,1,,,0,100,,11338,1,,,0,100,,11339,1,,,0,100,,11337,1,,,0,100,,11333,1,,,0,100,,11327,1,,,0,100,,11328,1,,,0,100,,11329,1,,,0,100,,11326,1,,,0,100,,11331,1,,,0,100,,11330,1,,,0,100,,11332,1,,,0
