8801,'4614',1614,,12306,11,4,,0
9700,'4614',624,,12328,1,,,0,15,,12326,1,,,0,14,,12334,1,,,0,55,,12331,1,,,0,14,,12323,1,,,0,85,,12329,1,,,0,13,,12318,1,,,0,15,,12327,1,,,0,69,,12336,1,,,0,15,,12330,1,,,0,15,,12321,1,,,0,85,,12332,1,,,0,15,,12315,1,,,0,70,,12337,1,,,0,15,,12333,1,,,0,16,,12325,1,,,0,88,,12313,1,,,0,16,,12320,1,,,0,72,,12338,1,,,0,15,,12311,1,,,0,15,,12322,1,,,0,88,,12314,1,,,0,15,,12319,1,,,0,14,,12309,1,,,0,70,,12341,1,,,0,15,,12308,1,,,0,15,,12324,1,,,0,67,,12339,1,0,12,0,25,,12312,1,,,0,60,,12316,1,,,0,20,,12310,1,,,0,70,,12346,1,0,12,0,10,,12307,1,,,0,90,,12347,1,0,12,0,12,,12317,1,,,0,22,,12340,1,,,0,167,,12342,1,,,0,22,,12343,1,,,0,180,,12344,1,,,0,140,,12345,1,,,0
9700,'4619',609,,12361,1,,,0,128,,12354,1,,,0,15,,12362,1,,,0,97,,12352,1,,,0,100,,12355,1,,,0,55,,12360,1,,,0,45,,12356,1,,,0,102,,12358,1,,,0,56,,12364,1,,,0,48,,12357,1,,,0,102,,12350,1,,,0,56,,12363,1,,,0,100,,12366,1,,,0,100,,12349,1,,,0,18,,12359,1,,,0,119,,12365,1,,,0,80,,12348,1,,,0,20,,12351,1,,,0,106,,12368,1,,,0,65,,12369,1,,,0,20,,12378,1,,,0,107,,12370,1,,,0,65,,12371,1,,,0,25,,12372,1,,,0,90,,12373,1,,,0,25,,12374,1,,,0,65,,12375,1,,,0,90,,12376,1,,,0,25,,12377,1,,,0,25,,12367,1,,,0
9700,'4931',609,,12392,1,,,0,128,,12385,1,,,0,15,,12393,1,,,0,97,,12383,1,,,0,100,,12386,1,,,0,55,,12391,1,,,0,45,,12387,1,,,0,102,,12389,1,,,0,56,,12395,1,,,0,48,,12388,1,,,0,102,,12381,1,,,0,56,,12394,1,,,0,100,,12397,1,,,0,100,,12380,1,,,0,18,,12390,1,,,0,119,,12396,1,,,0,80,,12379,1,,,0,20,,12382,1,,,0,106,,12398,1,,,0,65,,12399,1,,,0,20,,12407,1,,,0,107,,12400,1,,,0,65,,12401,1,,,0,25,,12402,1,,,0,90,,12403,1,,,0,25,,12404,1,,,0,65,,12405,1,,,0,90,,12406,1,,,0
9700,'5556',710,,12435,1,,,0,30,,12432,1,,,0,70,,12436,1,,,0,30,,12434,1,,,0,70,,12408,1,,,0,30,,12433,1,,,0,70,,12409,1,,,0,30,,12429,1,,,0,70,,12410,1,,,0,30,,12431,1,,,0,70,,12412,1,,,0,30,,12430,1,,,0,70,,12413,1,,,0,30,,12427,1,,,0,70,,12414,1,,,0,30,,12428,1,,,0,70,,12418,1,,,0,30,,12424,1,,,0,70,,12419,1,,,0,30,,12423,1,,,0,70,,12411,1,,,0,30,,12425,1,,,0,70,,12416,1,,,0,30,,12422,1,,,0,70,,12417,1,,,0,30,,12426,1,,,0,70,,12415,1,,,0,30,,12437,1,,,0,70,,12420,1,,,0,30,,12439,1,,,0,70,,12421,1,,,0,100,,12438,1,,,0
9700,'5557',709,,12445,1,,,0,30,,12441,1,,,0,70,,12446,1,,,0,30,,12440,1,,,0,69,,12444,1,,,0,30,,12442,1,,,0,70,,12448,1,,,0,30,,12450,1,,,0,70,,12443,1,,,0,30,,12447,1,,,0,70,,12453,1,,,0,30,,12452,1,,,0,70,,12449,1,,,0,30,,12454,1,,,0,70,,12451,1,,,0,30,,12455,1,,,0,70,,12456,1,,,0,30,,12457,1,,,0,70,,12459,1,,,0,30,,12461,1,,,0,70,,12462,1,,,0,36,,12458,1,,,0,70,,12463,1,,,0,30,,12460,1,,,0,70,,12464,1,,,0,30,,12477,1,,,0,70,,12467,1,,,0,30,,12470,1,,,0,70,,12465,1,,,0,30,,12471,1,,,0,70,,12468,1,,,0,30,,12472,1,,,0,70,,12466,1,,,0,30,,12473,1,,,0,70,,12469,1,,,0,30,,12474,1,,,0,70,,12475,1,,,0,30,,12476,1,,,0
9701,'4614',638,,12507,14,4,,0,21,,12502,14,4,,0,51,,12494,6,4,,0,90,,12500,14,4,,0,8,,12492,10,4,,0,8,,12499,14,4,,0,31,,12510,14,4,,0,55,,12503,14,4,,0,15,,12498,14,4,,0,87,,12501,14,4,,0,17,,12489,14,4,,0,32,,12508,14,4,,0,56,,12505,14,4,,0,16,,12493,14,4,,0,88,,12504,14,4,,0,16,,12490,14,4,,0,72,,12511,14,4,,0,16,,12506,14,4,,0,15,,12495,14,4,,0,86,,12485,14,4,,0,15,,12491,14,4,,0,16,,12482,14,4,,0,66,,12509,14,4,,0,9,,12480,14,4,,0,19,,12497,14,4,,0,93,,12484,14,4,,0,18,,12488,14,4,,0,58,,12481,14,4,,0,33,,12479,14,4,,0,55,,12496,14,4,,0,47,,12486,14,4,,0,57,,12487,14,4,,0,17,,12483,14,4,,0,35,,12478,14,4,,0,96,,12512,14,4,,0,63,,12513,14,4,,0,139,,12514,14,4,,0,176,,12515,14,4,,0
9701,'4619',604,,12529,6,4,,0,120,,12522,14,4,,0,21,,12531,14,4,,0,87,,12521,14,4,,0,100,,12523,14,4,,0,16,,12528,14,4,,0,90,,12520,14,4,,0,103,,12524,14,4,,0,16,,12533,14,4,,0,88,,12526,14,4,,0,103,,12525,14,4,,0,55,,12530,14,4,,0,101,,12527,14,4,,0,96,,12518,14,4,,0,19,,12534,14,4,,0,110,,12535,14,4,,0,86,,12517,14,4,,0,17,,12532,14,4,,0,107,,12536,14,4,,0,74,,12537,14,4,,0,20,,12519,14,4,,0,106,,12538,14,4,,0,65,,12539,14,4,,0,25,,12540,14,4,,0,90,,12541,14,4,,0,23,,12542,14,4,,0,63,,12543,14,4,,0,50,,12544,14,4,,0,65,,12545,14,4,,0,25,,12546,14,4,,0,85,,12548,14,4,,0
9701,'4931',604,,12561,6,4,,0,120,,12554,14,4,,0,21,,12563,14,4,,0,87,,12553,14,4,,0,100,,12555,14,4,,0,16,,12560,14,4,,0,90,,12552,14,4,,0,103,,12556,14,4,,0,16,,12565,14,4,,0,88,,12558,14,4,,0,103,,12557,14,4,,0,55,,12562,14,4,,0,101,,12559,14,4,,0,96,,12550,14,4,,0,19,,12566,14,4,,0,110,,12567,14,4,,0,86,,12549,14,4,,0,17,,12564,14,4,,0,107,,12568,14,4,,0,74,,12569,14,4,,0,20,,12551,14,4,,0,106,,12570,14,4,,0,65,,12571,14,4,,0,25,,12572,14,4,,0,90,,12573,14,4,,0,23,,12574,14,4,,0,63,,12575,14,4,,0,50,,12576,14,4,,0,65,,12577,14,4,,0,25,,12578,14,4,,0
9701,'5556',749,,12610,14,4,,0,70,,12605,14,4,,0,31,,12579,14,4,,0,71,,12599,14,4,,0,31,,12580,14,4,,0,71,,12607,14,4,,0,32,,12581,14,4,,0,70,,12604,14,4,,0,30,,12582,14,4,,0,70,,12602,14,4,,0,30,,12583,14,4,,0,70,,12603,14,4,,0,30,,12591,14,4,,0,71,,12598,14,4,,0,30,,12592,14,4,,0,70,,12596,14,4,,0,30,,12587,14,4,,0,69,,12606,14,4,,0,30,,12584,14,4,,0,70,,12593,14,4,,0,30,,12585,14,4,,0,68,,12597,14,4,,0,30,,12588,14,4,,0,69,,12601,14,4,,0,29,,12589,14,4,,0,69,,12600,14,4,,0,30,,12586,14,4,,0,69,,12595,14,4,,0,30,,12590,14,4,,0,69,,12608,14,4,,0,30,,12594,14,4,,0,99,,12609,14,4,,0
9701,'5557',729,,12646,10,4,,0,92,,12612,14,4,,0,32,,12611,14,4,,0,70,,12615,14,4,,0,30,,12614,14,4,,0,70,,12616,14,4,,0,32,,12617,14,4,,0,70,,12618,14,4,,0,32,,12613,14,4,,0,70,,12623,14,4,,0,30,,12635,14,4,,0,70,,12636,14,4,,0,30,,12637,14,4,,0,70,,12625,14,4,,0,30,,12624,14,4,,0,70,,12619,14,4,,0,30,,12620,14,4,,0,70,,12622,14,4,,0,30,,12627,14,4,,0,69,,12629,14,4,,0,30,,12621,14,4,,0,70,,12626,14,4,,0,30,,12628,14,4,,0,69,,12649,14,4,,0,30,,12631,14,4,,0,68,,12638,14,4,,0,30,,12630,14,4,,0,70,,12639,14,4,,0,30,,12632,14,4,,0,70,,12642,14,4,,0,30,,12633,14,4,,0,69,,12641,14,4,,0,29,,12634,14,4,,0,70,,12640,14,4,,0,30,,12643,14,4,,0,70,,12645,14,4,,0,30,,12644,14,4,,0,70,,12648,14,4,,0
