2001,'4614',641,,11694,33,,,0,72,,11695,33,,,0,106,,11697,33,,,0,32,,11696,33,,,0,70,,11699,33,,,0,34,,11698,33,,,0,104,,11700,33,,,0,142,,11702,33,,,0,107,,11701,33,,,0,104,,11703,33,,,0,111,,11706,33,,,0,81,,11704,33,,,0,24,,11705,33,,,0,72,,11707,33,,,0,32,,11709,33,,,0,72,,11708,33,,,0,32,,11710,33,,,0,119,,11711,33,,,0,89,,11712,33,,,0,156,,11713,33,,,0,116,,11714,33,,,0
2001,'5556',831,,11718,33,,,0,101,,11715,33,,,0,110,,11717,33,,,0,103,,11716,33,,,0,108,,11721,33,,,0,102,,11720,33,,,0,149,,11722,33,,,0,98,,11719,33,,,0,101,,11723,33,,,0,103,,11724,33,,,0,100,,11725,33,,,0
2001,'5557',703,,11731,33,,,0,103,,11732,33,,,0,114,,11726,33,,,0,106,,11730,33,,,0,103,,11727,33,,,0,106,,11729,33,,,0,103,,11728,33,,,0,101,,11734,33,,,0,94,,11733,33,,,0,120,,11735,33,,,0,90,,11738,33,,,0,106,,11739,33,,,0,110,,11736,33,,,0,149,,11740,33,,,0,100,,11737,33,,,0
2401,'4614',620,,12082,24,,,0,105,,12083,24,,,0,32,,12084,24,,,0,146,,12085,24,,,0,31,,12086,24,,,0,72,,12087,24,,,0,103,,12090,24,,,0,104,,12088,24,,,0,103,,12089,24,,,0,108,,12091,24,,,0,125,,12092,24,,,0,62,,12094,24,,,0,28,,12095,24,,,0,71,,12093,24,,,0,32,,12096,24,,,0,72,,12097,24,,,0,43,,12099,24,,,0,94,,12098,24,,,0,154,,12100,24,,,0,101,,12101,24,,,0
2401,'5556',738,,12105,24,,,0,103,,12102,24,,,0,107,,12104,24,,,0,104,,12103,24,,,0,148,,12106,24,,,0,101,,12108,24,,,0,109,,12109,24,,,0,102,,12107,24,,,0,93,,12110,24,,,0,107,,12111,24,,,0,101,,12112,24,,,0,99,,12113,24,,,0
2401,'5557',833,,12119,24,,,0,100,,12116,24,,,0,98,,12117,24,,,0,111,,12114,24,,,0,104,,12118,24,,,0,107,,12115,24,,,0,89,,12121,24,,,0,164,,12122,24,,,0,94,,12120,24,,,0,102,,12125,24,,,0,104,,12123,24,,,0,105,,12126,24,,,0,105,,12124,24,,,0
2501,'4614',733,,12146,23,,,0,94,,12147,23,,,0,91,,12148,23,,,0,134,,12149,23,,,0,172,,12151,23,,,0,177,,12150,23,,,0,112,,12152,23,,,0,100,,12153,23,,,0,95,,12154,23,,,0,50,,12155,23,,,0
2501,'5556',1045,,12156,23,,,0,268,,12157,23,,,0,291,,12158,23,,,0,229,,12159,23,,,0
2501,'5557',1001,,12161,23,,,0,132,,12162,23,,,0,173,,12160,23,,,0,141,,12164,23,,,0,391,,12163,23,,,0
2601,'4614',620,,12198,18,,,0,38,,12197,18,,,0,75,,12199,18,,,0,80,,12201,18,,,0,39,,12200,18,,,0,156,,12202,18,,,0,126,,12203,18,,,0,174,,12204,18,,,0,137,,12205,18,,,0,78,,12207,18,,,0,35,,12208,18,,,0,78,,12206,18,,,0,75,,12209,18,,,0,41,,12210,18,,,0,72,,12211,18,,,0,108,,12212,18,,,0,174,,12213,18,,,0
2601,'5556',725,,12215,18,,,0,76,,12214,18,,,0,324,,12216,18,,,0,231,,12217,18,,,0,288,,12218,18,,,0,303,,12219,18,,,0
2601,'5557',746,,12220,18,,,0,100,,12221,18,,,0,195,,12224,18,,,0,174,,12226,18,,,0,132,,12225,18,,,0,172,,12223,18,,,0,91,,12222,18,,,0,124,,12227,18,,,0,198,,12229,18,,,0,70,,12228,18,,,0,134,,12230,18,,,0
