100,'4614',610,,10032,13,,,0,30,,10044,13,,,0,70,,10033,13,,,0,15,,10025,13,,,0,16,,10043,13,,,0,16,,10023,13,,,0,56,,10030,13,,,0,17,,10024,13,,,0,16,,10042,13,,,0,55,,10022,13,,,0,16,,10034,13,,,0,16,,10026,13,0,13,0,16,,10045,13,,,0,72,,10035,13,,,0,32,,10046,13,,,0,72,,10031,13,,,0,33,,10041,13,,,0,73,,10036,13,,,0,73,,10047,13,,,0,33,,10037,13,,,0,73,,10049,13,,,0,17,,10018,13,,,0,17,,10028,13,,,0,58,,10008,13,,,0,20,,10040,13,,,0,20,,10019,13,,,0,60,,10038,13,,,0,19,,10009,13,,,0,20,,10039,13,,,0,60,,10017,13,,,0,17,,10029,13,,,0,17,,10016,13,,,0,17,,10048,13,,,0,56,,10021,13,,,0,17,,10027,13,,,0,15,,10015,13,,,0,70,,10020,13,,,0,30,,10011,13,,,0,100,,10013,13,,,0,99,,10012,13,,,0,100,,10014,13,,,0,100,,10010,13,,,0
100,'5556',743,,10065,13,,,0,100,,10050,13,,,0,100,,10051,13,,,0,100,,10052,13,,,0,100,,10053,13,,,0,100,,10054,13,,,0,100,,10055,13,,,0,100,,10056,13,,,0,100,,10057,13,,,0,100,,10058,13,,,0,100,,10059,13,,,0,99,,10060,13,,,0,100,,10061,13,,,0,99,,10062,13,,,0,100,,10063,13,,,0,100,,10064,13,,,0
100,'5557',743,,10096,13,,,0,71,,10066,13,,,0,30,,10067,13,,,0,70,,10068,13,,,0,31,,10069,13,,,0,70,,10070,13,,,0,30,,10071,13,,,0,70,,10092,13,,,0,30,,10072,13,,,0,70,,10073,13,,,0,30,,10074,13,,,0,70,,10075,13,,,0,30,,10076,13,,,0,70,,10077,13,,,0,30,,10078,13,,,0,70,,10079,13,,,0,30,,10080,13,,,0,70,,10081,13,,,0,30,,10082,13,,,0,70,,10083,13,,,0,30,,10084,13,,,0,69,,10085,13,,,0,30,,10093,13,,,0,70,,10087,13,,,0,30,,10094,13,,,0,70,,10088,13,,,0,30,,10095,13,,,0,72,,10089,13,,,0,99,,10086,13,,,0,100,,10090,13,,,0,98,,10091,13,,,0
101,'4614',609,,10128,12,,,0,31,,10118,12,,,0,70,,10132,12,,,0,16,,10114,12,,,0,16,,10124,12,,,0,17,,10115,12,,,0,49,,10097,12,,,0,7,,10129,12,,,0,16,,10113,12,,,0,16,,10122,12,,,0,55,,10116,12,,,0,16,,10131,12,,,0,32,,10119,12,,,0,72,,10134,12,,,0,32,,10120,12,,,0,73,,10130,12,,,0,74,,10123,12,,,0,33,,10135,12,,,0,73,,10121,12,,,0,33,,10133,12,,,0,17,,10108,12,,,0,57,,10125,12,,,0,17,,10105,12,,,0,17,,10136,12,,,0,60,,10112,12,,,0,20,,10117,12,,,0,20,,10106,12,,,0,60,,10137,12,,,0,20,,10109,12,,,0,19,,10126,12,,,0,57,,10107,12,,,0,17,,10138,12,,,0,16,,10111,12,,,0,17,,10127,12,,,0,56,,10103,12,,,0,30,,10110,12,,,0,69,,10102,12,,,0,100,,10104,12,,,0,100,,10099,12,,,0,99,,10100,12,,,0,100,,10101,12,,,0,100,,10098,12,,,0
101,'5556',714,,10154,12,,,0,100,,10139,12,,,0,100,,10140,12,,,0,101,,10141,12,,,0,100,,10142,12,,,0,100,,10143,12,,,0,100,,10144,12,,,0,100,,10145,12,,,0,100,,10146,12,,,0,100,,10147,12,,,0,100,,10148,12,,,0,100,,10149,12,,,0,99,,10150,12,,,0,99,,10151,12,,,0,100,,10152,12,,,0,100,,10153,12,,,0
101,'5557',714,,10186,12,,,0,30,,10185,12,,,0,70,,10157,12,,,0,30,,10158,12,,,0,70,,10155,12,,,0,31,,10156,12,,,0,70,,10159,12,,,0,30,,10160,12,,,0,70,,10165,12,,,0,30,,10164,12,,,0,70,,10163,12,,,0,30,,10162,12,,,0,70,,10167,12,,,0,30,,10161,12,,,0,70,,10168,12,,,0,30,,10180,12,,,0,70,,10181,12,,,0,30,,10171,12,,,0,70,,10170,12,,,0,30,,10172,12,,,0,70,,10166,12,,,0,30,,10169,12,,,0,70,,10182,12,,,0,30,,10175,12,,,0,69,,10183,12,,,0,30,,10173,12,,,0,70,,10184,12,,,0,35,,10176,12,,,0,100,,10174,12,,,0,100,,10177,12,,,0,99,,10178,12,,,0,96,,10179,12,,,0
400,'4614',624,,10267,3,,,0,30,,10266,3,,,0,75,,10265,3,,,0,30,,10263,3,,,0,72,,10264,3,,,0,671,,10258,3,,,0,35,,10261,3,,,0,74,,10262,3,,,0,35,,10260,3,,,0,75,,10259,3,,,0,35,,10257,3,,,0
801,'4614',626,,10640,46,,,0,80,,10641,32,,,0,12,,10642,46,,,0,17,,10639,32,,,0,7,,10643,46,,,0,16,,10645,46,,,0,56,,10646,46,,,0,15,,10647,46,,,0,15,,10644,46,,,0,15,,10648,46,,,0,54,,10649,46,,,0,14,,10650,46,,,0,15,,10651,46,,,0,15,,10652,46,,,0,55,,10653,46,,,0,15,,10654,46,,,0,16,,10655,46,,,0,15,,10656,46,,,0,55,,10657,46,,,0,15,,10658,46,,,0,15,,10659,46,,,0,15,,10660,46,,,0,56,,10661,46,,,0,15,,10662,46,,,0,15,,10663,46,,,0,15,,10664,46,,,0,55,,10665,46,,,0,15,,10666,46,,,0,15,,10667,46,,,0,15,,10668,46,,,0,55,,10669,46,,,0,15,,10670,46,,,0,15,,10671,46,,,0,56,,10672,46,,,0,16,,10673,46,,,0,16,,10675,46,,,0,5,,10674,18,,,0,12,,10676,46,,,0,59,,10678,46,,,0,12,,10677,35,,,0,4,,10679,46,,,0,14,,10680,46,,,0,14,,10681,46,,,0,56,,10682,46,,,0,15,,10683,46,,,0,15,,10684,46,,,0,14,,10685,46,,,0,54,,10686,46,,,0,15,,10687,46,,,0,16,,10688,46,,,0,14,,10689,46,,,0,55,,10690,46,,,0,16,,10691,46,,,0,16,,10692,46,,,0,18,,10693,46,,,0,65,,10694,46,,,0,26,,10695,46,,,0,64,,10696,46,,,0,24,,10697,46,,,0,65,,10698,46,,,0,23,,10699,46,,,0,85,,10700,46,,,0,43,,10701,46,,,0,83,,10702,46,,,0,85,,10703,46,,,0
801,'5556',646,,10706,32,,,0,77,,10707,46,,,0,35,,10708,46,,,0,77,,10709,46,,,0,77,,10710,46,,,0,35,,10711,46,,,0,75,,10712,46,,,0,37,,10713,46,,,0,75,,10715,46,,,0,70,,10716,46,,,0,31,,10717,46,,,0,70,,10714,46,,,0,30,,10720,46,,,0,70,,10721,46,,,0,30,,10718,46,,,0,70,,10719,46,,,0,30,,10722,46,,,0,70,,10723,46,,,0,29,,10724,46,,,0,70,,10726,46,,,0,29,,10727,46,,,0,70,,10728,46,,,0,29,,10725,46,,,0,69,,10729,46,,,0,28,,10730,46,,,0,29,,10731,46,,,0,68,,10732,46,,,0,85,,10733,46,,,0,44,,10734,46,,,0,85,,10735,46,,,0,84,,10704,46,,,0,85,,10705,46,,,0
801,'5557',647,,10761,32,,,0,80,,10768,46,,,0,75,,10750,46,,,0,35,,10757,46,,,0,76,,10767,46,,,0,36,,10749,46,,,0,75,,10760,46,,,0,76,,10766,46,,,0,30,,10739,46,,,0,71,,10748,46,,,0,26,,10754,46,,,0,25,,10765,46,,,0,65,,10771,46,,,0,20,,10737,46,,,0,20,,10747,46,,,0,60,,10772,46,,,0,19,,10753,46,,,0,20,,10763,46,,,0,60,,10773,46,,,0,20,,10736,46,,,0,20,,10745,46,,,0,60,,10770,46,,,0,19,,10751,46,,,0,20,,10762,46,,,0,60,,10774,46,,,0,19,,10738,46,,,0,20,,10746,46,,,0,59,,10775,46,,,0,20,,10752,46,,,0,20,,10764,46,,,0,59,,10769,46,,,0,19,,10740,46,,,0,28,,10742,46,,,0,69,,10755,46,,,0,84,,10741,46,,,0,45,,10758,46,,,0,84,,10743,46,,,0,84,,10756,46,,,0,84,,10744,46,,,0,44,,10759,46,,,0
1200,'4614',656,,11146,3,,,0,81,,11144,3,,,0,70,,11154,3,,,0,10,,11145,3,,,0,635,,11147,3,,,0,84,,11148,3,,,0,85,,11149,3,,,0,84,,11150,3,,,0,46,,11151,3,,,0
