2401,'4614',607,,12082,4,,,0,104,,12083,4,,,0,32,,12084,4,,,0,106,,12085,4,,,0,71,,12086,4,,,0,32,,12087,4,,,0,103,,12090,4,,,0,104,,12088,4,,,0,143,,12089,4,,,0,108,,12091,4,,,0,116,,12092,4,,,0,29,,12094,4,,,0,69,,12095,4,,,0,32,,12093,4,,,0,72,,12096,4,,,0,72,,12097,4,,,0,43,,12099,4,,,0,94,,12098,4,,,0,116,,12100,4,,,0,101,,12101,4,,,0
2401,'5556',725,,12105,4,,,0,103,,12102,4,,,0,107,,12104,4,,,0,104,,12103,4,,,0,108,,12106,4,,,0,101,,12108,4,,,0,109,,12109,4,,,0,102,,12107,4,,,0,93,,12110,4,,,0,107,,12111,4,,,0,141,,12112,4,,,0,59,,12113,4,,,0
2401,'5557',820,,12119,4,,,0,100,,12116,4,,,0,98,,12117,4,,,0,111,,12114,4,,,0,104,,12118,4,,,0,107,,12115,4,,,0,89,,12121,4,,,0,123,,12122,4,,,0,94,,12120,4,,,0,102,,12125,4,,,0,105,,12123,4,,,0,105,,12126,4,,,0,145,,12124,4,,,0
2501,'4614',716,,12146,4,,,0,94,,12147,4,,,0,91,,12148,4,,,0,134,,12149,4,,,0,171,,12151,4,,,0,137,,12150,4,,,0,112,,12152,4,,,0,100,,12153,4,,,0,95,,12154,4,,,0,91,,12155,4,,,0
2501,'5556',1028,,12156,4,,,0,228,,12157,4,,,0,291,,12158,4,,,0,269,,12159,4,,,0
2501,'5557',944,,12161,4,,,0,172,,12162,4,,,0,133,,12160,4,,,0,181,,12164,4,,,0,391,,12163,4,,,0
2601,'4614',610,,12198,4,,,0,37,,12197,4,,,0,75,,12199,4,,,0,80,,12201,4,,,0,36,,12200,4,,,0,119,,12202,4,,,0,166,,12203,4,,,0,134,,12204,4,,,0,176,,12205,4,,,0,77,,12207,4,,,0,35,,12208,4,,,0,79,,12206,4,,,0,35,,12209,4,,,0,82,,12210,4,,,0,72,,12211,4,,,0,108,,12212,4,,,0,135,,12213,4,,,0
2601,'5556',716,,12215,4,,,0,34,,12214,4,,,0,364,,12216,4,,,0,231,,12217,4,,,0,288,,12218,4,,,0,303,,12219,4,,,0
2601,'5557',735,,12220,4,,,0,100,,12221,4,,,0,195,,12224,4,,,0,173,,12226,4,,,0,132,,12225,4,,,0,172,,12223,4,,,0,51,,12222,4,,,0,164,,12227,4,,,0,199,,12229,4,,,0,30,,12228,4,,,0,175,,12230,4,,,0
2801,'4614',712,,12237,4,,,0,92,,12238,4,,,0,699,,12239,4,,,0,99,,12240,4,,,0,55,,12241,4,,,0,100,,12242,4,,,0
2900,'4614',640,,12243,31,,,0,70,,12244,31,,,0,30,,12246,31,,,0,76,,12245,31,,,0,30,,12253,31,,,0,675,,12254,31,,,0,35,,12252,31,,,0,69,,12249,31,,,0,30,,12247,31,,,0,75,,12248,31,,,0,75,,12250,31,,,0,110,,12251,31,,,0
