100,'4614',600,,10032,1,,,0,30,,10044,1,,,0,70,,10033,1,,,0,15,,10025,1,,,0,15,,10043,1,,,0,16,,10023,1,,,0,56,,10030,1,,,0,16,,10024,1,,,0,16,,10042,1,,,0,16,,10022,1,,,0,56,,10034,1,,,0,16,,10026,1,0,13,0,16,,10045,1,,,0,72,,10035,1,,,0,32,,10046,1,,,0,72,,10031,1,,,0,33,,10041,1,,,0,73,,10036,1,,,0,33,,10047,1,,,0,73,,10037,1,,,0,33,,10049,1,,,0,57,,10018,1,,,0,17,,10028,1,,,0,17,,10008,1,,,0,60,,10040,1,,,0,20,,10019,1,,,0,20,,10038,1,,,0,60,,10009,1,,,0,20,,10039,1,,,0,20,,10017,1,,,0,57,,10029,1,,,0,17,,10016,1,,,0,17,,10048,1,,,0,17,,10021,1,,,0,57,,10027,1,,,0,15,,10015,1,,,0,70,,10020,1,,,0,30,,10011,1,,,0,100,,10013,1,,,0,100,,10012,1,,,0,100,,10014,1,,,0,100,,10010,1,,,0
100,'5556',733,,10065,1,,,0,100,,10050,1,,,0,100,,10051,1,,,0,100,,10052,1,,,0,100,,10053,1,,,0,100,,10054,1,,,0,100,,10055,1,,,0,100,,10056,1,,,0,100,,10057,1,,,0,100,,10058,1,,,0,100,,10059,1,,,0,100,,10060,1,,,0,100,,10061,1,,,0,100,,10062,1,,,0,100,,10063,1,,,0,100,,10064,1,,,0
100,'5557',734,,10096,1,,,0,70,,10066,1,,,0,30,,10067,1,,,0,70,,10068,1,,,0,30,,10069,1,,,0,70,,10070,1,,,0,30,,10071,1,,,0,70,,10092,1,,,0,30,,10072,1,,,0,70,,10073,1,,,0,30,,10074,1,,,0,70,,10075,1,,,0,30,,10076,1,,,0,70,,10077,1,,,0,30,,10078,1,,,0,70,,10079,1,,,0,30,,10080,1,,,0,70,,10081,1,,,0,30,,10082,1,,,0,70,,10083,1,,,0,30,,10084,1,,,0,70,,10085,1,,,0,30,,10093,1,,,0,70,,10087,1,,,0,30,,10094,1,,,0,70,,10088,1,,,0,30,,10095,1,,,0,72,,10089,1,,,0,100,,10086,1,,,0,100,,10090,1,,,0,100,,10091,1,,,0
101,'4614',619,,10128,25,4,,0,32,,10118,25,4,,0,70,,10132,25,4,,0,16,,10114,25,4,,0,17,,10124,25,4,,0,57,,10115,25,4,,0,9,,10097,25,4,,0,7,,10129,25,4,,0,16,,10113,25,4,,0,16,,10122,25,4,,0,55,,10116,25,4,,0,16,,10131,25,4,,0,72,,10119,25,4,,0,33,,10134,25,4,,0,72,,10120,25,4,,0,33,,10130,25,4,,0,74,,10123,25,4,,0,33,,10135,25,4,,0,73,,10121,25,4,,0,33,,10133,25,4,,0,57,,10108,25,4,,0,17,,10125,25,4,,0,17,,10105,25,4,,0,57,,10136,25,4,,0,21,,10112,25,4,,0,20,,10117,25,4,,0,60,,10106,25,4,,0,19,,10137,25,4,,0,20,,10109,25,4,,0,59,,10126,25,4,,0,17,,10107,25,4,,0,17,,10138,25,4,,0,15,,10111,25,4,,0,57,,10127,25,4,,0,16,,10103,25,4,,0,30,,10110,25,4,,0,69,,10102,25,4,,0,100,,10104,25,4,,0,100,,10099,25,4,,0,99,,10100,25,4,,0,99,,10101,25,4,,0,99,,10098,25,4,,0
101,'5556',724,,10154,25,4,,0,101,,10139,25,4,,0,100,,10140,25,4,,0,101,,10141,25,4,,0,100,,10142,25,4,,0,101,,10143,25,4,,0,100,,10144,25,4,,0,100,,10145,25,4,,0,100,,10146,25,4,,0,100,,10147,25,4,,0,100,,10148,25,4,,0,100,,10149,25,4,,0,99,,10150,25,4,,0,99,,10151,25,4,,0,100,,10152,25,4,,0,100,,10153,25,4,,0
101,'5557',723,,10186,25,4,,0,31,,10185,25,4,,0,70,,10157,25,4,,0,31,,10158,25,4,,0,70,,10155,25,4,,0,31,,10156,25,4,,0,70,,10159,25,4,,0,31,,10160,25,4,,0,70,,10165,25,4,,0,30,,10164,25,4,,0,70,,10163,25,4,,0,30,,10162,25,4,,0,70,,10167,25,4,,0,30,,10161,25,4,,0,70,,10168,25,4,,0,30,,10180,25,4,,0,70,,10181,25,4,,0,30,,10171,25,4,,0,70,,10170,25,4,,0,30,,10172,25,4,,0,70,,10166,25,4,,0,29,,10169,25,4,,0,70,,10182,25,4,,0,30,,10175,25,4,,0,69,,10183,25,4,,0,30,,10173,25,4,,0,70,,10184,25,4,,0,75,,10176,25,4,,0,100,,10174,25,4,,0,59,,10177,25,4,,0,99,,10178,25,4,,0,95,,10179,25,4,,0
500,'4614',615,,10295,1,,,0,30,,10300,1,,,0,70,,10298,1,,,0,30,,10299,1,,,0,70,,10297,1,,,0,15,,10305,1,,,0,15,,10293,1,,,0,70,,10301,1,,,0,30,,10294,1,,,0,70,,10291,1,,,0,100,,10304,1,,,0,100,,10292,1,,,0,100,,10279,1,,,0,100,,10302,1,,,0,30,,10286,1,,,0,70,,10290,1,,,0,15,,10306,1,,,0,15,,10281,1,,,0,70,,10296,1,,,0,30,,10280,1,,,0,70,,10303,1,,,0,30,,10284,1,,,0,100,,10287,1,,,0,100,,10282,1,,,0,100,,10289,1,,,0,100,,10288,1,,,0,100,,10285,1,,,0,100,,10283,1,,,0
500,'5556',803,,10321,1,,,0,100,,10318,1,,,0,100,,10315,1,,,0,100,,10317,1,,,0,100,,10311,1,,,0,100,,10320,1,,,0,100,,10319,1,,,0,100,,10314,1,,,0,100,,10313,1,,,0,100,,10308,1,,,0,100,,10309,1,,,0,100,,10312,1,,,0,100,,10310,1,,,0,100,,10316,1,,,0
500,'5557',747,,10322,1,,,0,70,,10323,1,,,0,30,,10324,1,,,0,70,,10325,1,,,0,30,,10326,1,,,0,70,,10327,1,,,0,30,,10328,1,,,0,70,,10329,1,,,0,30,,10330,1,,,0,70,,10331,1,,,0,30,,10332,1,,,0,70,,10333,1,,,0,30,,10334,1,,,0,70,,10335,1,,,0,30,,10336,1,,,0,70,,10337,1,,,0,30,,10338,1,,,0,70,,10339,1,,,0,30,,10340,1,,,0,70,,10341,1,,,0,30,,10342,1,,,0,90,,10343,1,,,0,100,,10344,1,,,0,100,,10345,1,,,0,100,,10346,1,,,0
501,'4614',632,,10367,19,4,,0,70,,10349,19,4,,0,30,,10366,19,4,,0,75,,10364,19,4,,0,24,,10374,32,4,,0,7,,10363,19,4,,0,69,,10360,19,4,,0,27,,10362,19,4,,0,70,,10372,19,4,,0,100,,10369,19,4,,0,100,,10347,19,4,,0,100,,10365,19,4,,0,100,,10348,19,4,,0,32,,10353,19,4,,0,70,,10361,19,4,,0,23,,10376,19,4,,0,8,,10373,33,4,,0,9,,10350,19,4,,0,62,,10371,19,4,,0,30,,10351,19,4,,0,69,,10370,19,4,,0,29,,10356,19,4,,0,69,,10368,19,4,,0,29,,10358,19,4,,0,99,,10355,19,4,,0,100,,10352,19,4,,0,99,,10357,19,4,,0,99,,10354,19,4,,0,112,,10359,33,4,,0
501,'5556',751,,10390,19,4,,0,100,,10378,19,4,,0,102,,10380,19,4,,0,100,,10379,19,4,,0,100,,10381,19,4,,0,100,,10382,19,4,,0,100,,10383,19,4,,0,100,,10384,19,4,,0,100,,10385,19,4,,0,100,,10388,19,4,,0,99,,10389,19,4,,0,100,,10386,19,4,,0,100,,10387,19,4,,0,99,,10377,19,4,,0
501,'5557',736,,10391,19,4,,0,71,,10392,19,4,,0,30,,10393,19,4,,0,70,,10394,19,4,,0,31,,10395,19,4,,0,70,,10396,19,4,,0,30,,10397,19,4,,0,70,,10398,19,4,,0,30,,10399,19,4,,0,70,,10400,19,4,,0,30,,10401,19,4,,0,70,,10402,19,4,,0,30,,10403,19,4,,0,70,,10404,19,4,,0,30,,10405,19,4,,0,70,,10406,19,4,,0,30,,10407,19,4,,0,70,,10408,19,4,,0,30,,10409,19,4,,0,70,,10410,19,4,,0,30,,10411,19,4,,0,90,,10412,19,4,,0,100,,10413,19,4,,0,100,,10414,19,4,,0,99,,10415,19,4,,0,98,,10416,19,4,,0
