2401,'4614',606,,12082,3,,,0,104,,12083,3,,,0,32,,12084,3,,,0,106,,12085,3,,,0,71,,12086,3,,,0,32,,12087,3,,,0,103,,12090,3,,,0,104,,12088,3,,,0,143,,12089,3,,,0,108,,12091,3,,,0,116,,12092,3,,,0,30,,12094,3,,,0,69,,12095,3,,,0,31,,12093,3,,,0,72,,12096,3,,,0,32,,12097,3,,,0,83,,12099,3,,,0,94,,12098,3,,,0,116,,12100,3,,,0,101,,12101,3,,,0
2401,'5556',724,,12105,3,,,0,103,,12102,3,,,0,107,,12104,3,,,0,104,,12103,3,,,0,108,,12106,3,,,0,101,,12108,3,,,0,109,,12109,3,,,0,102,,12107,3,,,0,93,,12110,3,,,0,107,,12111,3,,,0,101,,12112,3,,,0,99,,12113,3,,,0
2401,'5557',819,,12119,3,,,0,100,,12116,3,,,0,98,,12117,3,,,0,111,,12114,3,,,0,104,,12118,3,,,0,107,,12115,3,,,0,89,,12121,3,,,0,123,,12122,3,,,0,94,,12120,3,,,0,102,,12125,3,,,0,105,,12123,3,,,0,105,,12126,3,,,0,145,,12124,3,,,0
2501,'4614',716,,12146,3,,,0,94,,12147,3,,,0,91,,12148,3,,,0,134,,12149,3,,,0,171,,12151,3,,,0,137,,12150,3,,,0,112,,12152,3,,,0,100,,12153,3,,,0,95,,12154,3,,,0,91,,12155,3,,,0
2501,'5556',1028,,12156,3,,,0,228,,12157,3,,,0,291,,12158,3,,,0,269,,12159,3,,,0
2501,'5557',944,,12161,3,,,0,172,,12162,3,,,0,133,,12160,3,,,0,181,,12164,3,,,0,391,,12163,3,,,0
2601,'4614',610,,12198,3,,,0,37,,12197,3,,,0,75,,12199,3,,,0,79,,12201,3,,,0,37,,12200,3,,,0,119,,12202,3,,,0,166,,12203,3,,,0,134,,12204,3,,,0,176,,12205,3,,,0,77,,12207,3,,,0,35,,12208,3,,,0,79,,12206,3,,,0,35,,12209,3,,,0,82,,12210,3,,,0,72,,12211,3,,,0,108,,12212,3,,,0,135,,12213,3,,,0
2601,'5556',716,,12215,3,,,0,34,,12214,3,,,0,364,,12216,3,,,0,231,,12217,3,,,0,288,,12218,3,,,0,303,,12219,3,,,0
2601,'5557',735,,12220,3,,,0,100,,12221,3,,,0,195,,12224,3,,,0,173,,12226,3,,,0,132,,12225,3,,,0,172,,12223,3,,,0,51,,12222,3,,,0,164,,12227,3,,,0,199,,12229,3,,,0,30,,12228,3,,,0,175,,12230,3,,,0
2801,'4614',712,,12237,3,,,0,92,,12238,3,,,0,699,,12239,3,,,0,99,,12240,3,,,0,55,,12241,3,,,0,100,,12242,3,,,0
2900,'4614',639,,12243,30,,,0,70,,12244,30,,,0,30,,12246,30,,,0,76,,12245,30,,,0,30,,12253,30,,,0,675,,12254,30,,,0,35,,12252,30,,,0,69,,12249,30,,,0,30,,12247,30,,,0,75,,12248,30,,,0,75,,12250,30,,,0,110,,12251,30,,,0
