2401,'4614',606,,12082,2,,,0,104,,12083,2,,,0,32,,12084,2,,,0,106,,12085,2,,,0,71,,12086,2,,,0,32,,12087,2,,,0,103,,12090,2,,,0,104,,12088,2,,,0,143,,12089,2,,,0,108,,12091,2,,,0,115,,12092,2,,,0,30,,12094,2,,,0,69,,12095,2,,,0,32,,12093,2,,,0,72,,12096,2,,,0,32,,12097,2,,,0,83,,12099,2,,,0,94,,12098,2,,,0,116,,12100,2,,,0,101,,12101,2,,,0
2401,'5556',724,,12105,2,,,0,103,,12102,2,,,0,107,,12104,2,,,0,104,,12103,2,,,0,108,,12106,2,,,0,101,,12108,2,,,0,109,,12109,2,,,0,102,,12107,2,,,0,93,,12110,2,,,0,107,,12111,2,,,0,101,,12112,2,,,0,99,,12113,2,,,0
2401,'5557',819,,12119,2,,,0,100,,12116,2,,,0,98,,12117,2,,,0,111,,12114,2,,,0,104,,12118,2,,,0,107,,12115,2,,,0,89,,12121,2,,,0,123,,12122,2,,,0,94,,12120,2,,,0,102,,12125,2,,,0,105,,12123,2,,,0,105,,12126,2,,,0,145,,12124,2,,,0
2501,'4614',715,,12146,2,,,0,94,,12147,2,,,0,91,,12148,2,,,0,134,,12149,2,,,0,171,,12151,2,,,0,137,,12150,2,,,0,112,,12152,2,,,0,100,,12153,2,,,0,95,,12154,2,,,0,91,,12155,2,,,0
2501,'5556',1027,,12156,2,,,0,228,,12157,2,,,0,291,,12158,2,,,0,269,,12159,2,,,0
2501,'5557',943,,12161,2,,,0,172,,12162,2,,,0,133,,12160,2,,,0,181,,12164,2,,,0,391,,12163,2,,,0
2601,'4614',610,,12198,2,,,0,37,,12197,2,,,0,75,,12199,2,,,0,79,,12201,2,,,0,36,,12200,2,,,0,120,,12202,2,,,0,166,,12203,2,,,0,134,,12204,2,,,0,176,,12205,2,,,0,77,,12207,2,,,0,35,,12208,2,,,0,79,,12206,2,,,0,35,,12209,2,,,0,82,,12210,2,,,0,72,,12211,2,,,0,108,,12212,2,,,0,134,,12213,2,,,0
2601,'5556',715,,12215,2,,,0,35,,12214,2,,,0,364,,12216,2,,,0,231,,12217,2,,,0,288,,12218,2,,,0,303,,12219,2,,,0
2601,'5557',735,,12220,2,,,0,100,,12221,2,,,0,195,,12224,2,,,0,173,,12226,2,,,0,132,,12225,2,,,0,172,,12223,2,,,0,51,,12222,2,,,0,164,,12227,2,,,0,199,,12229,2,,,0,30,,12228,2,,,0,174,,12230,2,,,0
2801,'4614',711,,12237,2,,,0,92,,12238,2,,,0,699,,12239,2,,,0,99,,12240,2,,,0,55,,12241,2,,,0,100,,12242,2,,,0
2900,'4614',639,,12243,29,,,0,70,,12244,29,,,0,30,,12246,29,,,0,76,,12245,29,,,0,30,,12253,29,,,0,675,,12254,29,,,0,35,,12252,29,,,0,69,,12249,29,,,0,30,,12247,29,,,0,75,,12248,29,,,0,75,,12250,29,,,0,110,,12251,29,,,0
