300,'4614',701,,10239,16,,,0,30,,10236,16,,,0,70,,10237,16,,,0,30,,10238,16,,,0,70,,10235,16,,,0,630,,10233,16,,,0,70,,10230,16,,,0,30,,10234,16,,,0,70,,10231,16,,,0,30,,10232,16,,,0,125,,10241,16,,,0,265,,10240,16,,,0,104,,10242,16,,,0
300,'5556',711,,10245,16,,,0,230,,10244,16,,,0,270,,10246,16,,,0,230,,10248,16,,,0,270,,10243,16,,,0,230,,10249,16,,,0,279,,10247,16,,,0
300,'5557',711,,10251,16,,,0,230,,10250,16,,,0,270,,10252,16,,,0,230,,10253,16,,,0,270,,10255,16,,,0,230,,10254,16,,,0,279,,10256,16,,,0
601,'4614',624,,10460,14,,,0,35,,10472,14,,,0,63,,10473,2,,,0,12,,10459,14,,,0,76,,10474,14,,,0,35,,10458,14,,,0,75,,10475,14,,,0,35,,10463,14,,,0,150,,10462,14,,,0,110,,10465,14,,,0,110,,10464,14,,,0,75,,10466,14,,,0,35,,10461,14,,,0,70,,10476,2,,,0,5,,10468,14,,,0,36,,10457,14,,,0,75,,10467,14,,,0,35,,10455,14,,,0,74,,10469,14,,,0,75,,10456,14,,,0,110,,10470,14,,,0,110,,10471,14,,,0,210,,10477,14,,,0
601,'5556',809,,10480,14,,,0,120,,10479,14,,,0,120,,10478,14,,,0,160,,10482,14,,,0,120,,10483,14,,,0,120,,10484,14,,,0,160,,10481,14,,,0,120,,10485,14,,,0
601,'5557',814,,10486,14,,,0,100,,10487,14,,,0,100,,10489,14,,,0,100,,10490,14,,,0,100,,10488,14,,,0,100,,10493,14,,,0,100,,10492,14,,,0,100,,10491,14,,,0,200,,10494,14,,,0
1800,'4614',619,,11415,14,,,0,106,,11416,14,,,0,27,,11397,14,,,0,66,,11417,14,,,0,29,,11398,14,,,0,68,,11420,14,,,0,27,,11399,14,,,0,80,,11403,14,,,0,80,,11402,14,,,0,40,,11400,14,,,0,80,,11401,14,,,0,80,,11396,14,,,0,40,,11407,14,,,0,80,,11405,14,,,0,28,,11419,14,,,0,67,,11408,14,,,0,29,,11418,14,,,0,68,,11406,14,,,0,30,,11421,14,,,0,66,,11404,14,,,0,30,,11422,14,,,0,70,,11409,14,,,0,95,,11411,14,,,0,37,,11410,14,,,0,80,,11412,14,,,0,83,,11413,14,,,0,115,,11414,14,,,0
1800,'5556',738,,11435,14,,,0,102,,11428,14,,,0,115,,11427,14,,,0,160,,11426,14,,,0,115,,11425,14,,,0,120,,11424,14,,,0,155,,11423,14,,,0,120,,11429,14,,,0,115,,11430,14,,,0,118,,11431,14,,,0,155,,11432,14,,,0,115,,11433,14,,,0,115,,11434,14,,,0
1800,'5557',738,,11446,14,,,0,101,,11438,14,,,0,100,,11439,14,,,0,100,,11437,14,,,0,100,,11436,14,,,0,100,,11440,14,,,0,100,,11441,14,,,0,100,,11442,14,,,0,100,,11443,14,,,0,100,,11444,14,,,0,100,,11445,14,,,0,84,,11447,14,,,0,115,,11448,14,,,0,115,,11449,14,,,0,155,,11450,14,,,0,115,,11451,14,,,0,115,,11452,14,,,0
1900,'4614',711,,11540,9,,,0,20,,11539,9,,,0,20,,11536,9,,,0,60,,11537,9,,,0,20,,11514,9,,,0,20,,11534,9,,,0,61,,11513,9,,,0,35,,11520,9,,,0,75,,11517,9,,,0,35,,11516,9,,,0,75,,11515,9,,,0,75,,11518,9,,,0,35,,11519,9,,,0,75,,11522,9,,,0,35,,11523,9,,,0,75,,11526,9,,,0,20,,11508,9,,,0,1,,11541,2,,,0,59,,11524,9,,,0,20,,11509,9,,,0,20,,11525,9,,,0,60,,11511,9,,,0,20,,11521,9,,,0,20,,11510,9,,,0,60,,11528,9,,,0,20,,11512,9,,,0,20,,11527,9,,,0,75,,11529,9,,,0,35,,11531,9,,,0,74,,11532,9,,,0,75,,11530,9,,,0,35,,11533,9,,,0,100,,11538,9,,,0,110,,11535,9,,,0
1900,'5556',806,,11547,9,,,0,115,,11546,9,,,0,120,,11545,9,,,0,115,,11544,9,,,0,160,,11543,9,,,0,115,,11542,9,,,0,120,,11548,9,,,0,155,,11549,9,,,0,120,,11551,9,,,0,115,,11550,9,,,0,115,,11552,9,,,0,155,,11553,9,,,0
1900,'5557',736,,11555,9,,,0,75,,11556,9,,,0,35,,11557,9,,,0,75,,11554,9,,,0,35,,11558,9,,,0,75,,11560,9,,,0,75,,11561,9,,,0,35,,11562,9,,,0,75,,11559,9,,,0,35,,11563,9,,,0,75,,11565,9,,,0,75,,11566,9,,,0,35,,11567,9,,,0,75,,11564,9,,,0,35,,11568,9,,,0,75,,11569,9,,,0,35,,11570,9,,,0,75,,11571,9,,,0,75,,11572,9,,,0,100,,11573,9,,,0,115,,11574,9,,,0,115,,11575,9,,,0,115,,11577,9,,,0,155,,11576,9,,,0
