100,'4614',609,,15015,12,,,0,30,,15027,12,,,0,70,,15016,12,,,0,15,,15008,12,,,0,16,,15026,12,,,0,16,,15006,12,,,0,56,,15013,12,,,0,16,,15007,12,,,0,16,,15025,12,,,0,56,,15005,12,,,0,16,,15017,12,,,0,16,,15009,12,0,13,0,16,,15028,12,,,0,72,,15018,12,,,0,32,,15029,12,,,0,72,,15014,12,,,0,33,,15024,12,,,0,73,,15019,12,,,0,73,,15030,12,,,0,33,,15020,12,,,0,73,,15032,12,,,0,17,,15001,12,,,0,17,,15011,12,,,0,58,,14991,12,,,0,20,,15023,12,,,0,20,,15002,12,,,0,60,,15021,12,,,0,19,,14992,12,,,0,20,,15022,12,,,0,60,,15000,12,,,0,17,,15012,12,,,0,17,,14999,12,,,0,17,,15031,12,,,0,56,,15004,12,,,0,17,,15010,12,,,0,15,,14998,12,,,0,70,,15003,12,,,0,30,,14994,12,,,0,100,,14996,12,,,0,99,,14995,12,,,0,100,,14997,12,,,0,100,,14993,12,,,0
100,'4616',742,,10096,12,,,0,71,,10066,12,,,0,30,,10067,12,,,0,70,,10068,12,,,0,31,,10069,12,,,0,70,,10070,12,,,0,30,,10071,12,,,0,70,,10092,12,,,0,30,,10072,12,,,0,70,,10073,12,,,0,30,,10074,12,,,0,70,,10075,12,,,0,30,,10076,12,,,0,70,,10077,12,,,0,30,,10078,12,,,0,70,,10079,12,,,0,30,,10080,12,,,0,70,,10081,12,,,0,30,,10082,12,,,0,70,,10083,12,,,0,30,,10084,12,,,0,69,,10085,12,,,0,30,,10093,12,,,0,70,,10087,12,,,0,30,,10094,12,,,0,70,,10088,12,,,0,30,,10095,12,,,0,72,,10089,12,,,0,99,,10086,12,,,0,100,,10090,12,,,0,98,,10091,12,,,0
100,'5454',742,,10065,12,,,0,100,,10050,12,,,0,100,,10051,12,,,0,100,,10052,12,,,0,100,,10053,12,,,0,100,,10054,12,,,0,100,,10055,12,,,0,100,,10056,12,,,0,100,,10057,12,,,0,100,,10058,12,,,0,100,,10059,12,,,0,99,,10060,12,,,0,100,,10061,12,,,0,99,,10062,12,,,0,100,,10063,12,,,0,100,,10064,12,,,0
101,'4614',608,,15064,11,,,0,30,,15054,11,,,0,70,,15068,11,,,0,16,,15050,11,,,0,16,,15060,11,,,0,17,,15051,11,,,0,49,,15033,11,,,0,7,,15065,11,,,0,16,,15049,11,,,0,16,,15058,11,,,0,55,,15052,11,,,0,16,,15067,11,,,0,32,,15055,11,,,0,72,,15070,11,,,0,32,,15056,11,,,0,73,,15066,11,,,0,34,,15059,11,,,0,73,,15071,11,,,0,73,,15057,11,,,0,33,,15069,11,,,0,17,,15044,11,,,0,57,,15061,11,,,0,17,,15041,11,,,0,17,,15072,11,,,0,60,,15048,11,,,0,20,,15053,11,,,0,20,,15042,11,,,0,60,,15073,11,,,0,20,,15045,11,,,0,19,,15062,11,,,0,57,,15043,11,,,0,17,,15074,11,,,0,16,,15047,11,,,0,17,,15063,11,,,0,56,,15039,11,,,0,30,,15046,11,,,0,70,,15038,11,,,0,100,,15040,11,,,0,100,,15035,11,,,0,99,,15036,11,,,0,100,,15037,11,,,0,100,,15034,11,,,0
101,'4616',713,,10186,11,,,0,30,,10185,11,,,0,70,,10157,11,,,0,30,,10158,11,,,0,70,,10155,11,,,0,30,,10156,11,,,0,70,,10159,11,,,0,30,,10160,11,,,0,70,,10165,11,,,0,30,,10164,11,,,0,70,,10163,11,,,0,30,,10162,11,,,0,70,,10167,11,,,0,30,,10161,11,,,0,70,,10168,11,,,0,30,,10180,11,,,0,70,,10181,11,,,0,30,,10171,11,,,0,70,,10170,11,,,0,30,,10172,11,,,0,70,,10166,11,,,0,30,,10169,11,,,0,70,,10182,11,,,0,30,,10175,11,,,0,70,,10183,11,,,0,30,,10173,11,,,0,70,,10184,11,,,0,35,,10176,11,,,0,100,,10174,11,,,0,100,,10177,11,,,0,99,,10178,11,,,0,96,,10179,11,,,0
101,'5454',713,,10154,11,,,0,100,,10139,11,,,0,100,,10140,11,,,0,100,,10141,11,,,0,100,,10142,11,,,0,100,,10143,11,,,0,100,,10144,11,,,0,100,,10145,11,,,0,100,,10146,11,,,0,100,,10147,11,,,0,100,,10148,11,,,0,100,,10149,11,,,0,100,,10150,11,,,0,99,,10151,11,,,0,100,,10152,11,,,0,100,,10153,11,,,0
400,'4614',623,,15117,2,,,0,30,,15116,2,,,0,75,,15115,2,,,0,30,,15113,2,,,0,72,,15114,2,,,0,671,,15108,2,,,0,35,,15111,2,,,0,74,,15112,2,,,0,35,,15110,2,,,0,75,,15109,2,,,0,35,,15107,2,,,0
801,'4614',624,,15303,45,,,0,80,,15304,31,,,0,12,,15305,45,,,0,18,,15302,31,,,0,7,,15306,45,,,0,16,,15308,45,,,0,56,,15309,45,,,0,15,,15310,45,,,0,15,,15307,45,,,0,15,,15311,45,,,0,54,,15312,45,,,0,14,,15313,45,,,0,15,,15314,45,,,0,15,,15315,45,,,0,55,,15316,45,,,0,15,,15317,45,,,0,16,,15318,45,,,0,15,,15319,45,,,0,55,,15320,45,,,0,15,,15321,45,,,0,15,,15322,45,,,0,15,,15323,45,,,0,56,,15324,45,,,0,15,,15325,45,,,0,15,,15326,45,,,0,15,,15327,45,,,0,55,,15328,45,,,0,15,,15329,45,,,0,15,,15330,45,,,0,15,,15331,45,,,0,55,,15332,45,,,0,15,,15333,45,,,0,15,,15334,45,,,0,16,,15335,45,,,0,56,,15336,45,,,0,16,,15338,45,,,0,5,,15337,17,,,0,12,,15339,45,,,0,59,,15341,45,,,0,12,,15340,34,,,0,4,,15342,45,,,0,14,,15343,45,,,0,14,,15344,45,,,0,56,,15345,45,,,0,15,,15346,45,,,0,15,,15347,45,,,0,14,,15348,45,,,0,54,,15349,45,,,0,15,,15350,45,,,0,16,,15351,45,,,0,14,,15352,45,,,0,54,,15353,45,,,0,16,,15354,45,,,0,17,,15355,45,,,0,18,,15356,45,,,0,65,,15357,45,,,0,26,,15358,45,,,0,64,,15359,45,,,0,24,,15360,45,,,0,25,,15361,45,,,0,63,,15362,45,,,0,85,,15363,45,,,0,43,,15364,45,,,0,83,,15365,45,,,0,85,,15366,45,,,0
801,'4616',646,,14414,31,,,0,80,,14421,45,,,0,75,,14403,45,,,0,35,,14410,45,,,0,76,,14420,45,,,0,36,,14402,45,,,0,75,,14413,45,,,0,35,,14419,45,,,0,71,,14392,45,,,0,71,,14401,45,,,0,26,,14407,45,,,0,25,,14418,45,,,0,65,,14424,45,,,0,20,,14390,45,,,0,20,,14400,45,,,0,60,,14425,45,,,0,19,,14406,45,,,0,20,,14416,45,,,0,60,,14426,45,,,0,20,,14389,45,,,0,20,,14398,45,,,0,60,,14423,45,,,0,19,,14404,45,,,0,20,,14415,45,,,0,60,,14427,45,,,0,19,,14391,45,,,0,20,,14399,45,,,0,59,,14428,45,,,0,20,,14405,45,,,0,20,,14417,45,,,0,58,,14422,45,,,0,19,,14393,45,,,0,29,,14395,45,,,0,69,,14408,45,,,0,84,,14394,45,,,0,45,,14411,45,,,0,84,,14396,45,,,0,84,,14409,45,,,0,84,,14397,45,,,0,44,,14412,45,,,0
801,'5454',645,,14359,31,,,0,77,,14360,45,,,0,35,,14361,45,,,0,77,,14362,45,,,0,77,,14363,45,,,0,35,,14364,45,,,0,75,,14365,45,,,0,36,,14366,45,,,0,76,,14368,45,,,0,70,,14369,45,,,0,31,,14370,45,,,0,70,,14367,45,,,0,30,,14373,45,,,0,70,,14374,45,,,0,30,,14371,45,,,0,70,,14372,45,,,0,30,,14375,45,,,0,70,,14376,45,,,0,29,,14377,45,,,0,70,,14379,45,,,0,29,,14380,45,,,0,69,,14381,45,,,0,29,,14378,45,,,0,29,,14382,45,,,0,69,,14383,45,,,0,29,,14384,45,,,0,68,,14385,45,,,0,85,,14386,45,,,0,44,,14387,45,,,0,85,,14388,45,,,0,84,,14357,45,,,0,85,,14358,45,,,0
1200,'4614',655,,15532,2,,,0,81,,15530,2,,,0,70,,15540,2,,,0,10,,15531,2,,,0,635,,15533,2,,,0,84,,15534,2,,,0,85,,15535,2,,,0,84,,15536,2,,,0,46,,15537,2,,,0
