2000,'4614',626,,15791,1,,,0,104,,15792,1,,,0,72,,15793,1,,,0,104,,15794,1,,,0,104,,15795,1,,,0,104,,15796,1,,,0,104,,15798,1,,,0,101,,15797,1,,,0,110,,15799,1,,,0,78,,15803,1,,,0,33,,15800,1,,,0,74,,15802,1,,,0,29,,15801,1,,,0,72,,15804,1,,,0,32,,15805,1,,,0,155,,15807,1,,,0,54,,15806,1,,,0,156,,15808,1,,,0,101,,15809,1,,,0
2000,'4616',751,,11686,1,,,0,100,,11687,1,,,0,88,,11681,1,,,0,103,,11684,1,,,0,106,,11683,1,,,0,104,,11685,1,,,0,107,,11682,1,,,0,164,,11689,1,,,0,91,,11688,1,,,0,193,,11692,1,,,0,105,,11691,1,,,0,105,,11693,1,,,0,105,,11690,1,,,0
2000,'5454',745,,11673,1,,,0,103,,11669,1,,,0,104,,11671,1,,,0,107,,11670,1,,,0,148,,11672,1,,,0,101,,11676,1,,,0,109,,11677,1,,,0,93,,11674,1,,,0,102,,11675,1,,,0,111,,11678,1,,,0,100,,11680,1,,,0,97,,11679,1,,,0
2001,'4614',642,,15810,34,4,,0,72,,15811,34,4,,0,106,,15813,34,4,,0,32,,15812,34,4,,0,70,,15815,34,4,,0,34,,15814,34,4,,0,144,,15816,34,4,,0,102,,15818,34,4,,0,107,,15817,34,4,,0,104,,15819,34,4,,0,111,,15822,34,4,,0,81,,15820,34,4,,0,24,,15821,34,4,,0,72,,15823,34,4,,0,32,,15825,34,4,,0,72,,15824,34,4,,0,32,,15826,34,4,,0,119,,15827,34,4,,0,89,,15828,34,4,,0,156,,15829,34,4,,0,116,,15830,34,4,,0
2001,'4616',704,,11731,34,4,,0,103,,11732,34,4,,0,114,,11726,34,4,,0,106,,11730,34,4,,0,103,,11727,34,4,,0,106,,11729,34,4,,0,103,,11728,34,4,,0,101,,11734,34,4,,0,94,,11733,34,4,,0,120,,11735,34,4,,0,90,,11738,34,4,,0,106,,11739,34,4,,0,150,,11736,34,4,,0,109,,11740,34,4,,0,100,,11737,34,4,,0
2001,'5454',832,,11718,34,4,,0,101,,11715,34,4,,0,110,,11717,34,4,,0,103,,11716,34,4,,0,108,,11721,34,4,,0,102,,11720,34,4,,0,149,,11722,34,4,,0,98,,11719,34,4,,0,101,,11723,34,4,,0,103,,11724,34,4,,0,100,,11725,34,4,,0
2400,'4614',544,,15966,1,,,0,104,,15967,1,,,0,72,,15968,1,,,0,104,,15969,1,,,0,30,,15971,1,,,0,70,,15970,1,,,0,108,,15972,1,,,0,104,,15973,1,,,0,104,,15974,1,,,0,106,,15975,1,,,0,111,,15976,1,,,0,72,,15978,1,,,0,72,,15979,1,,,0,32,,15977,1,,,0,72,,15981,1,,,0,32,,15980,1,,,0,80,,15982,1,,,0,97,,15983,1,,,0,116,,15985,1,,,0,101,,15984,1,,,0,104,,15986,1,,,0
2400,'4616',713,,12073,1,,,0,100,,12074,1,,,0,143,,12070,1,,,0,150,,12069,1,,,0,104,,12071,1,,,0,106,,12072,1,,,0,129,,12076,1,,,0,91,,12075,1,,,0,121,,12077,1,,,0,65,,12080,1,,,0,108,,12079,1,,,0,105,,12081,1,,,0,105,,12078,1,,,0
2400,'5454',805,,12058,1,,,0,107,,12060,1,,,0,104,,12059,1,,,0,107,,12061,1,,,0,102,,12063,1,,,0,108,,12064,1,,,0,103,,12062,1,,,0,92,,12065,1,,,0,108,,12066,1,,,0,101,,12068,1,,,0,102,,12067,1,,,0
2401,'4614',621,,15987,25,4,,0,105,,15988,25,4,,0,32,,15989,25,4,,0,146,,15990,25,4,,0,31,,15991,25,4,,0,72,,15992,25,4,,0,103,,15995,25,4,,0,104,,15993,25,4,,0,103,,15994,25,4,,0,108,,15996,25,4,,0,125,,15997,25,4,,0,62,,15999,25,4,,0,28,,16000,25,4,,0,71,,15998,25,4,,0,32,,16001,25,4,,0,72,,16002,25,4,,0,43,,16004,25,4,,0,94,,16003,25,4,,0,154,,16005,25,4,,0,101,,16006,25,4,,0
2401,'4616',834,,12119,25,4,,0,100,,12116,25,4,,0,98,,12117,25,4,,0,111,,12114,25,4,,0,104,,12118,25,4,,0,107,,12115,25,4,,0,89,,12121,25,4,,0,164,,12122,25,4,,0,94,,12120,25,4,,0,102,,12125,25,4,,0,104,,12123,25,4,,0,105,,12126,25,4,,0,105,,12124,25,4,,0
2401,'5454',739,,12105,25,4,,0,103,,12102,25,4,,0,107,,12104,25,4,,0,104,,12103,25,4,,0,148,,12106,25,4,,0,101,,12108,25,4,,0,109,,12109,25,4,,0,102,,12107,25,4,,0,93,,12110,25,4,,0,107,,12111,25,4,,0,101,,12112,25,4,,0,99,,12113,25,4,,0
2500,'4614',742,,16007,1,,,0,91,,16008,1,,,0,90,,16009,1,,,0,135,,16010,1,,,0,173,,16011,1,,,0,174,,16012,1,,,0,115,,16014,1,,,0,102,,16013,1,,,0,93,,16015,1,,,0,89,,16016,1,,,0
2500,'4616',915,,12141,1,,,0,132,,12143,1,,,0,173,,12142,1,,,0,131,,12144,1,,,0,403,,12145,1,,,0
2500,'5454',1000,,12137,1,,,0,228,,12138,1,,,0,295,,12139,1,,,0,229,,12140,1,,,0
2501,'4614',734,,16017,24,4,,0,94,,16018,24,4,,0,91,,16019,24,4,,0,134,,16020,24,4,,0,172,,16022,24,4,,0,177,,16021,24,4,,0,112,,16023,24,4,,0,100,,16024,24,4,,0,95,,16025,24,4,,0,50,,16026,24,4,,0
2501,'4616',1002,,12161,24,4,,0,132,,12162,24,4,,0,173,,12160,24,4,,0,141,,12164,24,4,,0,391,,12163,24,4,,0
2501,'5454',1046,,12156,24,4,,0,268,,12157,24,4,,0,291,,12158,24,4,,0,229,,12159,24,4,,0
2600,'4614',550,,16027,1,,,0,75,,16028,1,,,0,79,,16029,1,,,0,37,,16031,1,,,0,76,,16030,1,,,0,38,,16032,1,,,0,159,,16033,1,,,0,124,,16034,1,,,0,176,,16035,1,,,0,134,,16037,1,,,0,78,,16039,1,,,0,79,,16038,1,,,0,35,,16036,1,,,0,76,,16040,1,,,0,121,,16041,1,,,0,199,,16043,1,,,0,175,,16042,1,,,0
2600,'4616',727,,12187,1,,,0,114,,12186,1,,,0,168,,12191,1,,,0,133,,12192,1,,,0,172,,12193,1,,,0,136,,12188,1,,,0,163,,12190,1,,,0,90,,12189,1,,,0,197,,12194,1,,,0,28,,12195,1,,,0,177,,12196,1,,,0
2600,'5454',1053,,12182,1,,,0,268,,12183,1,,,0,291,,12184,1,,,0,303,,12185,1,,,0
2601,'4614',621,,16045,19,4,,0,38,,16044,19,4,,0,75,,16046,19,4,,0,80,,16048,19,4,,0,39,,16047,19,4,,0,156,,16049,19,4,,0,126,,16050,19,4,,0,174,,16051,19,4,,0,137,,16052,19,4,,0,78,,16054,19,4,,0,35,,16055,19,4,,0,78,,16053,19,4,,0,75,,16056,19,4,,0,41,,16057,19,4,,0,72,,16058,19,4,,0,108,,16059,19,4,,0,174,,16060,19,4,,0
2601,'4616',747,,12220,19,4,,0,100,,12221,19,4,,0,195,,12224,19,4,,0,174,,12226,19,4,,0,132,,12225,19,4,,0,172,,12223,19,4,,0,91,,12222,19,4,,0,124,,12227,19,4,,0,198,,12229,19,4,,0,70,,12228,19,4,,0,134,,12230,19,4,,0
2601,'5454',726,,12215,19,4,,0,76,,12214,19,4,,0,324,,12216,19,4,,0,231,,12217,19,4,,0,288,,12218,19,4,,0,303,,12219,19,4,,0
