800,'4614',616,,15234,29,,,0,20,,15235,29,,,0,16,,15236,13,,,0,51,,15237,29,,,0,11,,15238,13,,,0,12,,15239,29,,,0,17,,15240,29,,,0,8,,15299,13,,,0,7,,15241,29,,,0,56,,15242,29,,,0,15,,15243,29,,,0,16,,15244,29,,,0,55,,15245,29,,,0,14,,15246,29,,,0,8,,15297,29,,,0,8,,15247,29,,,0,15,,15248,29,,,0,55,,15249,29,,,0,15,,15250,29,,,0,15,,15251,29,,,0,15,,15252,29,,,0,55,,15253,29,,,0,16,,15254,29,,,0,15,,15255,29,,,0,15,,15256,29,,,0,55,,15257,29,,,0,15,,15258,29,,,0,15,,15259,29,,,0,15,,15260,29,,,0,55,,15261,29,,,0,15,,15262,29,,,0,15,,15263,29,,,0,15,,15264,29,,,0,55,,15265,29,,,0,15,,15266,29,,,0,16,,15267,29,,,0,15,,15268,29,,,0,55,,15269,29,,,0,16,,15270,29,,,0,16,,15271,29,,,0,17,,15272,29,,,0,56,,15274,29,,,0,14,,15273,29,,,0,2,,15275,29,,,0,8,,15298,29,,,0,8,,15276,29,,,0,15,,15278,29,,,0,50,,15277,29,,,0,5,,15279,29,,,0,15,,15280,29,,,0,16,,15281,29,,,0,14,,15282,29,,,0,56,,15283,29,,,0,15,,15284,29,,,0,14,,15285,29,,,0,16,,15286,29,,,0,56,,15287,29,,,0,18,,15288,29,,,0,20,,15289,29,,,0,60,,15290,29,,,0,23,,15291,29,,,0,25,,15292,29,,,0,64,,15293,29,,,0,24,,15294,29,,,0,65,,15295,29,,,0,43,,15296,29,,,0,85,,15232,29,,,0,83,,15231,29,,,0,85,,15233,29,,,0
800,'4616',616,,14280,13,,,0,36,,14261,29,,,0,76,,14270,29,,,0,75,,14279,29,,,0,36,,14260,29,,,0,75,,14272,29,,,0,37,,14278,29,,,0,70,,14246,29,,,0,29,,14257,29,,,0,66,,14263,29,,,0,25,,14274,29,,,0,60,,14282,29,,,0,20,,14251,29,,,0,20,,14259,29,,,0,60,,14281,29,,,0,20,,14264,29,,,0,20,,14277,29,,,0,60,,14285,29,,,0,20,,14248,29,,,0,20,,14256,29,,,0,60,,14283,29,,,0,20,,14265,29,,,0,20,,14273,29,,,0,60,,14286,29,,,0,20,,14249,29,,,0,20,,14258,29,,,0,60,,14287,29,,,0,19,,14266,29,,,0,20,,14276,29,,,0,60,,14288,29,,,0,20,,14250,29,,,0,19,,14254,29,,,0,18,,14284,29,,,0,60,,14262,29,,,0,30,,14275,29,,,0,69,,14253,29,,,0,85,,14268,29,,,0,44,,14255,29,,,0,83,,14269,29,,,0,85,,14252,29,,,0,44,,14267,29,,,0,83,,14247,29,,,0,80,,14271,29,,,0
800,'5454',616,,14213,13,,,0,33,,14214,29,,,0,75,,14215,29,,,0,35,,14216,29,,,0,76,,14217,29,,,0,78,,14219,29,,,0,35,,14220,29,,,0,71,,14221,29,,,0,30,,14218,29,,,0,72,,14223,29,,,0,30,,14224,29,,,0,70,,14225,29,,,0,30,,14222,29,,,0,70,,14226,29,,,0,30,,14227,29,,,0,70,,14228,29,,,0,30,,14231,29,,,0,70,,14238,29,,,0,30,,14232,29,,,0,70,,14239,29,,,0,30,,14229,29,,,0,69,,14230,29,,,0,29,,14233,29,,,0,69,,14240,29,,,0,30,,14234,29,,,0,69,,14235,29,,,0,29,,14236,29,,,0,70,,14237,29,,,0,85,,14241,29,,,0,43,,14242,29,,,0,84,,14243,29,,,0,84,,14244,29,,,0,45,,14245,29,,,0
1000,'4614',548,,15400,33,,,0,80,,15394,33,,,0,20,,15382,33,,,0,60,,15390,33,,,0,21,,15385,33,,,0,23,,15396,33,,,0,60,,15383,33,,,0,20,,15391,33,,,0,20,,15381,33,,,0,61,,15387,33,,,0,25,,15397,33,,,0,74,,15384,33,,,0,32,,15386,33,,,0,73,,15395,33,,,0,32,,15392,33,,,0,72,,15389,33,,,0,32,,15399,33,,,0,72,,15393,33,,,0,32,,15388,33,,,0,72,,15398,33,,,0,28,,15414,33,,,0,61,,15380,33,,,0,20,,15402,33,,,0,21,,15403,33,,,0,60,,15404,33,,,0,20,,15405,33,,,0,20,,15406,33,,,0,59,,15407,33,,,0,18,,15408,33,,,0,18,,15409,33,,,0,58,,15410,33,,,0,19,,15411,33,,,0,79,,15412,33,,,0,39,,15413,33,,,0,80,,15378,33,,,0,78,,15415,33,,,0,39,,15379,33,,,0,78,,15376,33,,,0,80,,15416,33,,,0,40,,15375,33,,,0,79,,15377,33,,,0,80,,15417,33,,,0
1000,'4616',758,,10889,33,,,0,85,,10876,33,,,0,87,,10877,33,,,0,87,,10871,33,,,0,86,,10870,33,,,0,45,,10878,33,,,0,85,,10879,33,,,0,85,,10872,33,,,0,85,,10885,33,,,0,45,,10886,33,,,0,85,,10883,33,,,0,85,,10888,33,,,0,85,,10881,33,,,0,44,,10875,33,,,0,83,,10890,33,,,0,84,,10880,33,,,0,44,,10868,33,,,0,85,,10884,33,,,0,83,,10873,33,,,0,84,,10869,33,,,0,43,,10887,33,,,0,84,,10874,33,,,0,85,,10882,33,,,0
1000,'5454',755,,10857,33,,,0,87,,10845,33,,,0,86,,10858,33,,,0,85,,10846,33,,,0,46,,10847,33,,,0,85,,10849,33,,,0,85,,10859,33,,,0,85,,10850,33,,,0,45,,10848,33,,,0,85,,10851,33,,,0,85,,10860,33,,,0,85,,10852,33,,,0,45,,10855,33,,,0,85,,10856,33,,,0,82,,10861,33,,,0,85,,10854,33,,,0,44,,10853,33,,,0,85,,10864,33,,,0,82,,10865,33,,,0,85,,10862,33,,,0,45,,10867,33,,,0,85,,10863,33,,,0,85,,10866,33,,,0
1100,'4614',608,,15476,39,,,0,30,,15477,39,,,0,71,,15478,39,,,0,33,,15479,39,,,0,70,,15480,39,,,0,33,,15481,39,,,0,70,,15482,39,,,0,28,,15483,39,,,0,70,,15484,39,,,0,30,,15485,39,,,0,70,,15474,39,,,0,30,,15471,39,,,0,71,,15473,39,,,0,31,,15463,39,,,0,70,,15470,39,,,0,30,,15468,39,,,0,70,,15475,39,,,0,31,,15466,39,,,0,73,,15469,39,,,0,31,,15467,39,,,0,75,,15464,39,,,0,34,,15465,39,,,0,68,,15472,39,,,0,27,,15486,39,,,0,69,,15487,39,,,0,30,,15488,39,,,0,66,,15489,39,,,0,30,,15490,39,,,0,100,,15491,39,,,0,100,,15492,39,,,0,98,,15493,39,,,0,100,,15494,39,,,0
1100,'4616',707,,14532,39,,,0,32,,14533,39,,,0,70,,14515,39,,,0,31,,14512,39,,,0,71,,14513,39,,,0,30,,14516,39,,,0,72,,14517,39,,,0,30,,14514,39,,,0,71,,14511,39,,,0,31,,14518,39,,,0,71,,14519,39,,,0,30,,14520,39,,,0,70,,14521,39,,,0,30,,14522,39,,,0,70,,14524,39,,,0,30,,14525,39,,,0,70,,14526,39,,,0,30,,14523,39,,,0,70,,14527,39,,,0,30,,14529,39,,,0,70,,14530,39,,,0,30,,14528,39,,,0,69,,14531,39,,,0,29,,14534,39,,,0,69,,14535,39,,,0,30,,14536,39,,,0,99,,14537,39,,,0,100,,14538,39,,,0,96,,14539,39,,,0,99,,14540,39,,,0,89,,14541,39,,,0
1100,'5454',802,,14507,39,,,0,104,,14494,39,,,0,101,,14495,39,,,0,101,,14498,39,,,0,100,,14499,39,,,0,101,,14497,39,,,0,99,,14500,39,,,0,100,,14496,39,,,0,101,,14503,39,,,0,100,,14504,39,,,0,99,,14501,39,,,0,98,,14505,39,,,0,99,,14502,39,,,0,99,,14506,39,,,0,99,,14510,39,,,0,99,,14508,39,,,0,99,,14509,39,,,0
1400,'4614',720,,15602,41,,,0,30,,15603,41,,,0,71,,15601,41,,,0,33,,15600,41,,,0,70,,15604,41,,,0,30,,15618,41,,,0,100,,15619,41,,,0,100,,15617,41,,,0,100,,15620,41,,,0,100,,15610,41,,,0,101,,15611,41,,,0,100,,15606,41,,,0,69,,15605,41,,,0,30,,15607,41,,,0,70,,15608,41,,,0,30,,15609,41,,,0,68,,15616,41,,,0,28,,15615,41,,,0,100,,15614,41,,,0,100,,15613,41,,,0,100,,15612,41,,,0
1400,'4616',841,,11289,41,,,0,105,,11290,41,,,0,100,,11286,41,,,0,100,,11287,41,,,0,100,,11285,41,,,0,100,,11288,41,,,0,100,,11284,41,,,0,100,,11277,41,,,0,100,,11278,41,,,0,100,,11280,41,,,0,95,,11281,41,,,0,100,,11279,41,,,0,100,,11282,41,,,0,100,,11283,41,,,0
1400,'5454',841,,11267,41,,,0,105,,11268,41,,,0,100,,11266,41,,,0,100,,11263,41,,,0,100,,11265,41,,,0,100,,11269,41,,,0,100,,11264,41,,,0,100,,11275,41,,,0,100,,11276,41,,,0,100,,11272,41,,,0,95,,11273,41,,,0,100,,11271,41,,,0,100,,11274,41,,,0,100,,11270,41,,,0
