300,'4614',701,,15103,15,,,0,30,,15100,15,,,0,70,,15101,15,,,0,30,,15102,15,,,0,70,,15099,15,,,0,630,,15097,15,,,0,70,,15094,15,,,0,30,,15098,15,,,0,70,,15095,15,,,0,30,,15096,15,,,0,125,,15105,15,,,0,265,,15104,15,,,0,104,,15106,15,,,0
300,'4616',711,,10251,15,,,0,230,,10250,15,,,0,270,,10252,15,,,0,230,,10253,15,,,0,270,,10255,15,,,0,230,,10254,15,,,0,279,,10256,15,,,0
300,'5454',711,,10245,15,,,0,230,,10244,15,,,0,270,,10246,15,,,0,230,,10248,15,,,0,270,,10243,15,,,0,230,,10249,15,,,0,279,,10247,15,,,0
601,'4614',624,,15213,13,,,0,35,,15225,13,,,0,63,,15226,1,,,0,12,,15212,13,,,0,76,,15227,13,,,0,35,,15211,13,,,0,75,,15228,13,,,0,35,,15216,13,,,0,150,,15215,13,,,0,110,,15218,13,,,0,110,,15217,13,,,0,75,,15219,13,,,0,35,,15214,13,,,0,70,,15229,1,,,0,5,,15221,13,,,0,36,,15210,13,,,0,75,,15220,13,,,0,35,,15208,13,,,0,74,,15222,13,,,0,75,,15209,13,,,0,110,,15223,13,,,0,110,,15224,13,,,0,210,,15230,13,,,0
601,'4616',814,,10486,13,,,0,100,,10487,13,,,0,100,,14207,13,,,0,100,,10490,13,,,0,100,,10488,13,,,0,100,,14209,13,,,0,100,,10492,13,,,0,100,,14208,13,,,0,200,,14210,13,,,0
601,'5454',809,,10480,13,,,0,120,,10479,13,,,0,120,,10478,13,,,0,160,,10482,13,,,0,120,,10483,13,,,0,120,,10484,13,,,0,160,,10481,13,,,0,120,,10485,13,,,0
1800,'4614',619,,15688,13,,,0,106,,15689,13,,,0,27,,15670,13,,,0,66,,15690,13,,,0,29,,15671,13,,,0,68,,15693,13,,,0,27,,15672,13,,,0,80,,15676,13,,,0,80,,15675,13,,,0,40,,15673,13,,,0,80,,15674,13,,,0,80,,15669,13,,,0,40,,15680,13,,,0,80,,15678,13,,,0,28,,15692,13,,,0,67,,15681,13,,,0,29,,15691,13,,,0,68,,15679,13,,,0,30,,15694,13,,,0,66,,15677,13,,,0,30,,15695,13,,,0,70,,15682,13,,,0,95,,15684,13,,,0,37,,15683,13,,,0,80,,15685,13,,,0,83,,15686,13,,,0,115,,15687,13,,,0
1800,'4616',738,,11446,13,,,0,101,,11438,13,,,0,100,,14672,13,,,0,100,,11437,13,,,0,100,,11436,13,,,0,100,,14673,13,,,0,100,,11441,13,,,0,100,,14674,13,,,0,100,,11443,13,,,0,100,,14675,13,,,0,100,,14676,13,,,0,84,,14677,13,,,0,115,,14678,13,,,0,115,,14679,13,,,0,155,,14680,13,,,0,115,,14681,13,,,0,115,,14682,13,,,0
1800,'5454',738,,14671,13,,,0,102,,14664,13,,,0,115,,14663,13,,,0,160,,14662,13,,,0,115,,14661,13,,,0,120,,14660,13,,,0,155,,14659,13,,,0,120,,14665,13,,,0,115,,14666,13,,,0,118,,14667,13,,,0,155,,14668,13,,,0,115,,14669,13,,,0,115,,14670,13,,,0
1900,'4614',711,,15755,7,,,0,20,,15754,7,,,0,20,,15751,7,,,0,60,,15752,7,,,0,20,,15729,7,,,0,20,,15749,7,,,0,61,,15728,7,,,0,35,,15735,7,,,0,75,,15732,7,,,0,35,,15731,7,,,0,75,,15730,7,,,0,75,,15733,7,,,0,35,,15734,7,,,0,75,,15737,7,,,0,35,,15738,7,,,0,75,,15741,7,,,0,20,,15723,7,,,0,1,,15756,1,,,0,59,,15739,7,,,0,20,,15724,7,,,0,20,,15740,7,,,0,60,,15726,7,,,0,20,,15736,7,,,0,20,,15725,7,,,0,60,,15743,7,,,0,20,,15727,7,,,0,20,,15742,7,,,0,75,,15744,7,,,0,35,,15746,7,,,0,74,,15747,7,,,0,75,,15745,7,,,0,35,,15748,7,,,0,100,,15753,7,,,0,110,,15750,7,,,0
1900,'4616',736,,14756,7,,,0,75,,14757,7,,,0,35,,14758,7,,,0,75,,14755,7,,,0,35,,14759,7,,,0,75,,14761,7,,,0,75,,14762,7,,,0,35,,14763,7,,,0,75,,14760,7,,,0,35,,14764,7,,,0,75,,14766,7,,,0,75,,14767,7,,,0,35,,14768,7,,,0,75,,14765,7,,,0,35,,14769,7,,,0,75,,14770,7,,,0,35,,14771,7,,,0,75,,14772,7,,,0,75,,14773,7,,,0,100,,14774,7,,,0,115,,14775,7,,,0,115,,14776,7,,,0,115,,14778,7,,,0,155,,14777,7,,,0
1900,'5454',806,,14748,7,,,0,115,,14747,7,,,0,120,,14746,7,,,0,115,,14745,7,,,0,160,,14744,7,,,0,115,,14743,7,,,0,120,,14749,7,,,0,155,,14750,7,,,0,120,,14752,7,,,0,115,,14751,7,,,0,115,,14753,7,,,0,155,,14754,7,,,0
