2401,'4614',606,,15987,3,,,0,104,,15988,3,,,0,32,,15989,3,,,0,106,,15990,3,,,0,71,,15991,3,,,0,32,,15992,3,,,0,103,,15995,3,,,0,104,,15993,3,,,0,143,,15994,3,,,0,108,,15996,3,,,0,116,,15997,3,,,0,30,,15999,3,,,0,69,,16000,3,,,0,31,,15998,3,,,0,72,,16001,3,,,0,32,,16002,3,,,0,83,,16004,3,,,0,94,,16003,3,,,0,116,,16005,3,,,0,101,,16006,3,,,0
2401,'4616',819,,12119,3,,,0,100,,12116,3,,,0,98,,12117,3,,,0,111,,12114,3,,,0,104,,12118,3,,,0,107,,12115,3,,,0,89,,12121,3,,,0,123,,12122,3,,,0,94,,12120,3,,,0,102,,12125,3,,,0,105,,12123,3,,,0,105,,12126,3,,,0,145,,12124,3,,,0
2401,'5454',724,,12105,3,,,0,103,,12102,3,,,0,107,,12104,3,,,0,104,,12103,3,,,0,108,,12106,3,,,0,101,,12108,3,,,0,109,,12109,3,,,0,102,,12107,3,,,0,93,,12110,3,,,0,107,,12111,3,,,0,101,,12112,3,,,0,99,,12113,3,,,0
2501,'4614',716,,16017,3,,,0,94,,16018,3,,,0,91,,16019,3,,,0,134,,16020,3,,,0,171,,16022,3,,,0,137,,16021,3,,,0,112,,16023,3,,,0,100,,16024,3,,,0,95,,16025,3,,,0,91,,16026,3,,,0
2501,'4616',944,,12161,3,,,0,172,,12162,3,,,0,133,,12160,3,,,0,181,,12164,3,,,0,391,,12163,3,,,0
2501,'5454',1028,,12156,3,,,0,228,,12157,3,,,0,291,,12158,3,,,0,269,,12159,3,,,0
2601,'4614',610,,16045,3,,,0,37,,16044,3,,,0,75,,16046,3,,,0,79,,16048,3,,,0,37,,16047,3,,,0,119,,16049,3,,,0,166,,16050,3,,,0,134,,16051,3,,,0,176,,16052,3,,,0,77,,16054,3,,,0,35,,16055,3,,,0,79,,16053,3,,,0,35,,16056,3,,,0,82,,16057,3,,,0,72,,16058,3,,,0,108,,16059,3,,,0,135,,16060,3,,,0
2601,'4616',735,,12220,3,,,0,100,,12221,3,,,0,195,,12224,3,,,0,173,,12226,3,,,0,132,,12225,3,,,0,172,,12223,3,,,0,51,,12222,3,,,0,164,,12227,3,,,0,199,,12229,3,,,0,30,,12228,3,,,0,175,,12230,3,,,0
2601,'5454',716,,12215,3,,,0,34,,12214,3,,,0,364,,12216,3,,,0,231,,12217,3,,,0,288,,12218,3,,,0,303,,12219,3,,,0
2801,'4614',712,,16067,3,,,0,92,,16068,3,,,0,699,,16069,3,,,0,99,,16070,3,,,0,55,,16071,3,,,0,100,,16072,3,,,0
2900,'4614',639,,16073,30,,,0,70,,16074,30,,,0,30,,16076,30,,,0,76,,16075,30,,,0,30,,16083,30,,,0,675,,16084,30,,,0,35,,16082,30,,,0,69,,16079,30,,,0,30,,16077,30,,,0,75,,16078,30,,,0,75,,16080,30,,,0,110,,16081,30,,,0
