9700,'4614',555,,16165,5,4,,0,152,,16158,14,4,,0,15,,16156,14,4,,0,18,,16164,14,4,,0,60,,16161,14,4,,0,15,,16153,14,4,,0,85,,16159,14,4,,0,13,,16148,14,4,,0,13,,16157,14,4,,0,29,,16166,14,4,,0,54,,16160,14,4,,0,17,,16151,14,4,,0,86,,16162,14,4,,0,16,,16145,14,4,,0,30,,16167,14,4,,0,55,,16163,14,4,,0,16,,16155,14,4,,0,88,,16143,14,4,,0,16,,16150,14,4,,0,73,,16168,14,4,,0,15,,16141,14,4,,0,15,,16152,14,4,,0,89,,16144,14,4,,0,17,,16149,14,4,,0,16,,16139,14,4,,0,70,,16171,14,4,,0,15,,16138,14,4,,0,15,,16154,14,4,,0,85,,16142,14,4,,0,58,,16146,14,4,,0,19,,16140,14,4,,0,38,,16137,14,4,,0,100,,16147,14,4,,0,61,,16170,14,4,,0,126,,16172,14,4,,0,62,,16173,14,4,,0,134,,16174,14,4,,0,179,,16175,14,4,,0
9700,'4616',750,,12445,14,4,,0,70,,12441,14,4,,0,32,,12446,14,4,,0,70,,14985,14,4,,0,30,,12444,14,4,,0,73,,12442,14,4,,0,32,,12448,14,4,,0,71,,14986,14,4,,0,31,,12443,14,4,,0,71,,12447,14,4,,0,70,,12453,14,4,,0,30,,14987,14,4,,0,71,,12449,14,4,,0,30,,12454,14,4,,0,70,,12451,14,4,,0,30,,12455,14,4,,0,28,,12456,14,4,,0,68,,12457,14,4,,0,29,,12459,14,4,,0,70,,12461,14,4,,0,30,,12462,14,4,,0,76,,12458,14,4,,0,68,,12463,14,4,,0,29,,12460,14,4,,0,30,,12464,14,4,,0,68,,12477,14,4,,0,30,,12467,14,4,,0,70,,12470,14,4,,0,30,,12465,14,4,,0,69,,12471,14,4,,0,27,,12468,14,4,,0,69,,12472,14,4,,0,30,,12466,14,4,,0,70,,12473,14,4,,0,29,,12469,14,4,,0,70,,12474,14,4,,0,30,,12475,14,4,,0,70,,12476,14,4,,0
9700,'4619',633,,16183,5,4,,0,19,,16191,14,4,,0,178,,16184,14,4,,0,15,,16192,14,4,,0,95,,16182,14,4,,0,102,,16185,14,4,,0,15,,16190,14,4,,0,86,,16186,14,4,,0,102,,16188,14,4,,0,56,,16194,14,4,,0,49,,16187,14,4,,0,102,,16180,14,4,,0,56,,16193,14,4,,0,105,,16196,14,4,,0,99,,16179,14,4,,0,15,,16189,14,4,,0,113,,16195,14,4,,0,77,,16178,14,4,,0,19,,16181,14,4,,0,105,,16198,14,4,,0,65,,16199,14,4,,0,19,,16208,14,4,,0,104,,16200,14,4,,0,23,,16201,14,4,,0,65,,16202,14,4,,0,89,,16203,14,4,,0,25,,16204,14,4,,0,24,,16205,14,4,,0,90,,16206,14,4,,0,65,,16207,14,4,,0,25,,16197,14,4,,0
9700,'4931',633,,16214,5,4,,0,19,,16222,14,4,,0,178,,16215,14,4,,0,15,,16223,14,4,,0,95,,16213,14,4,,0,102,,16216,14,4,,0,15,,16221,14,4,,0,86,,16217,14,4,,0,102,,16219,14,4,,0,56,,16225,14,4,,0,49,,16218,14,4,,0,102,,16211,14,4,,0,56,,16224,14,4,,0,105,,16227,14,4,,0,99,,16210,14,4,,0,15,,16220,14,4,,0,113,,16226,14,4,,0,77,,16209,14,4,,0,19,,16212,14,4,,0,105,,16228,14,4,,0,65,,16229,14,4,,0,19,,16237,14,4,,0,104,,16230,14,4,,0,23,,16231,14,4,,0,65,,16232,14,4,,0,89,,16233,14,4,,0,25,,16234,14,4,,0,24,,16235,14,4,,0,90,,16236,14,4,,0
9700,'5454',749,,12435,14,4,,0,70,,12432,14,4,,0,32,,12436,14,4,,0,70,,12434,14,4,,0,32,,12408,14,4,,0,71,,12433,14,4,,0,33,,12409,14,4,,0,70,,12429,14,4,,0,30,,12410,14,4,,0,70,,12431,14,4,,0,31,,12412,14,4,,0,70,,12430,14,4,,0,30,,12413,14,4,,0,70,,12427,14,4,,0,30,,12414,14,4,,0,69,,12428,14,4,,0,30,,12418,14,4,,0,70,,12424,14,4,,0,29,,12419,14,4,,0,70,,12423,14,4,,0,29,,12411,14,4,,0,70,,12425,14,4,,0,30,,12416,14,4,,0,69,,12422,14,4,,0,29,,12417,14,4,,0,68,,12426,14,4,,0,30,,12415,14,4,,0,69,,12437,14,4,,0,30,,12420,14,4,,0,70,,12439,14,4,,0,27,,12421,14,4,,0,100,,12438,14,4,,0
9701,'4614',558,,16267,1,,,0,60,,16262,1,,,0,97,,16260,1,,,0,15,,16259,1,,,0,70,,16270,1,,,0,15,,16263,1,,,0,15,,16258,1,,,0,87,,16261,1,,,0,17,,16249,1,,,0,71,,16268,1,,,0,15,,16265,1,,,0,15,,16253,1,,,0,88,,16264,1,,,0,16,,16250,1,,,0,72,,16271,1,,,0,16,,16266,1,,,0,15,,16255,1,,,0,86,,16245,1,,,0,14,,16251,1,,,0,15,,16242,1,,,0,65,,16269,1,,,0,9,,16240,1,,,0,16,,16257,1,,,0,93,,16244,1,,,0,18,,16248,1,,,0,58,,16241,1,,,0,9,,16276,1,0,12,0,27,,16239,1,,,0,57,,16256,1,,,0,91,,16246,1,,,0,17,,16247,1,,,0,17,,16243,1,,,0,76,,16238,1,,,0,98,,16272,1,,,0,23,,16273,1,,,0,182,,16274,1,,,0,140,,16275,1,,,0
9701,'4616',739,,14988,1,,,0,70,,12611,1,,,0,30,,12615,1,,,0,70,,12614,1,,,0,30,,14989,1,,,0,70,,12617,1,,,0,30,,12618,1,,,0,70,,12613,1,,,0,30,,14990,1,,,0,70,,12635,1,,,0,30,,12636,1,,,0,70,,12637,1,,,0,30,,12625,1,,,0,70,,12624,1,,,0,30,,12619,1,,,0,70,,12620,1,,,0,30,,12622,1,,,0,70,,12627,1,,,0,31,,12629,1,,,0,70,,12621,1,,,0,30,,12626,1,,,0,70,,12628,1,,,0,30,,12649,1,,,0,70,,12631,1,,,0,30,,12638,1,,,0,70,,12630,1,,,0,30,,12639,1,,,0,70,,12632,1,,,0,30,,12642,1,,,0,70,,12633,1,,,0,30,,12641,1,,,0,70,,12634,1,,,0,30,,12640,1,,,0,70,,12643,1,,,0,30,,12645,1,,,0,70,,12644,1,,,0,30,,12648,1,,,0,70,,12647,1,0,12,0
9701,'4619',640,,16282,1,,,0,60,,16291,1,,,0,45,,16281,1,,,0,100,,16283,1,,,0,56,,16288,1,,,0,49,,16280,1,,,0,101,,16284,1,,,0,56,,16293,1,,,0,48,,16286,1,,,0,103,,16285,1,,,0,55,,16290,1,,,0,99,,16287,1,,,0,92,,16278,1,,,0,18,,16294,1,,,0,112,,16295,1,,,0,92,,16277,1,,,0,17,,16292,1,,,0,109,,16296,1,,,0,76,,16297,1,,,0,20,,16279,1,,,0,108,,16298,1,,,0,65,,16299,1,,,0,26,,16300,1,,,0,91,,16301,1,,,0,65,,16302,1,,,0,25,,16303,1,,,0,90,,16304,1,,,0,25,,16305,1,,,0,65,,16306,1,,,0,45,,16308,1,,,0,90,,16307,1,0,12,0
9701,'4931',640,,16314,1,,,0,60,,16323,1,,,0,45,,16313,1,,,0,100,,16315,1,,,0,56,,16320,1,,,0,49,,16312,1,,,0,101,,16316,1,,,0,56,,16325,1,,,0,48,,16318,1,,,0,103,,16317,1,,,0,55,,16322,1,,,0,99,,16319,1,,,0,92,,16310,1,,,0,18,,16326,1,,,0,112,,16327,1,,,0,92,,16309,1,,,0,17,,16324,1,,,0,109,,16328,1,,,0,76,,16329,1,,,0,20,,16311,1,,,0,108,,16330,1,,,0,65,,16331,1,,,0,26,,16332,1,,,0,91,,16333,1,,,0,65,,16334,1,,,0,25,,16335,1,,,0,90,,16336,1,,,0,25,,16337,1,,,0,65,,16338,1,,,0
9701,'5454',710,,12610,1,,,0,30,,12605,1,,,0,70,,12579,1,,,0,30,,12599,1,,,0,70,,12580,1,,,0,30,,12607,1,,,0,70,,12581,1,,,0,30,,12604,1,,,0,70,,12582,1,,,0,30,,12602,1,,,0,70,,12583,1,,,0,30,,12603,1,,,0,70,,12591,1,,,0,30,,12598,1,,,0,70,,12592,1,,,0,30,,12596,1,,,0,70,,12587,1,,,0,30,,12606,1,,,0,70,,12584,1,,,0,30,,12593,1,,,0,70,,12585,1,,,0,30,,12597,1,,,0,70,,12588,1,,,0,30,,12601,1,,,0,70,,12589,1,,,0,30,,12600,1,,,0,70,,12586,1,,,0,30,,12595,1,,,0,70,,12590,1,,,0,30,,12608,1,,,0,70,,12594,1,,,0,100,,12609,1,,,0
9800,'4614',659,,16369,16,4,,0,60,,16358,16,4,,0,21,,16372,16,4,,0,63,,16365,16,4,,0,21,,16370,16,4,,0,23,,16356,16,4,,0,61,,16371,16,4,,0,19,,16362,16,4,,0,82,,16353,16,4,,0,43,,16367,16,4,,0,84,,16360,16,4,,0,83,,16361,16,4,,0,85,,16357,16,4,,0,45,,16368,16,4,,0,86,,16354,16,4,,0,91,,16363,16,4,,0,20,,16352,16,4,,0,60,,16344,16,4,,0,20,,16359,16,4,,0,20,,16346,16,4,,0,60,,16364,16,4,,0,19,,16351,16,4,,0,15,,16341,16,4,,0,19,,16355,16,4,,0,59,,16345,16,4,,0,20,,16366,16,4,,0,68,,16343,16,4,,0,40,,16348,16,4,,0,80,,16342,16,4,,0,79,,16350,16,4,,0,39,,16339,16,4,,0,80,,16349,16,4,,0,78,,16340,16,4,,0,39,,16347,16,4,,0
9800,'4616',929,,12702,16,4,,0,87,,12711,16,4,,0,89,,12703,16,4,,0,45,,12706,16,4,,0,85,,12700,16,4,,0,85,,12705,16,4,,0,85,,12701,16,4,,0,45,,12708,16,4,,0,85,,12698,16,4,,0,84,,12707,16,4,,0,85,,12699,16,4,,0,45,,12704,16,4,,0,168,,12709,16,4,,0,130,,12710,16,4,,0
9800,'5454',929,,12689,16,4,,0,87,,12697,16,4,,0,87,,12688,16,4,,0,45,,12690,16,4,,0,85,,12687,16,4,,0,85,,12692,16,4,,0,85,,12686,16,4,,0,45,,12691,16,4,,0,85,,12684,16,4,,0,85,,12693,16,4,,0,85,,12685,16,4,,0,45,,12694,16,4,,0,169,,12695,16,4,,0,128,,12696,16,4,,0
9801,'4614',630,,16406,1,,,0,20,,16401,1,,,0,60,,16403,1,,,0,20,,16390,1,,,0,21,,16405,1,,,0,61,,16400,1,,,0,21,,16404,1,,,0,21,,16391,1,,,0,82,,16398,1,,,0,83,,16394,1,,,0,83,,16397,1,,,0,45,,16393,1,,,0,85,,16402,1,,,0,85,,16392,1,,,0,85,,16399,1,,,0,43,,16388,1,,,0,69,,16383,1,,,0,20,,16396,1,,,0,20,,16386,1,,,0,60,,16374,1,,,0,20,,16389,1,,,0,20,,16381,1,,,0,60,,16395,1,,,0,20,,16385,1,,,0,20,,16378,1,,,0,60,,16387,1,,,0,21,,16384,1,,,0,80,,16373,1,,,0,40,,16382,1,,,0,80,,16377,1,,,0,80,,16379,1,,,0,40,,16376,1,,,0,80,,16380,1,,,0,80,,16375,1,,,0
9801,'4616',945,,12762,1,,,0,85,,12773,1,,,0,85,,12761,1,,,0,85,,12769,1,,,0,45,,12764,1,,,0,85,,12768,1,,,0,85,,12763,1,,,0,85,,12767,1,,,0,45,,12760,1,,,0,85,,12766,1,,,0,85,,12765,1,,,0,85,,12770,1,,,0,130,,12771,1,,,0,170,,12772,1,,,0
9801,'5454',945,,12750,1,,,0,85,,12757,1,,,0,85,,12749,1,,,0,85,,12753,1,,,0,45,,12748,1,,,0,85,,12755,1,,,0,85,,12747,1,,,0,85,,12751,1,,,0,45,,12746,1,,,0,85,,12754,1,,,0,85,,12759,1,,,0,85,,12752,1,,,0,130,,12756,1,,,0,170,,12758,1,,,0
