1,100,'4614',14991,14992,14993,14994,14995,14996,14997,14998,14999,15000,15001,15002,15003,15004,15005,15006,15007,15008,15009,15010,15011,15012,15013,15014,15015,15016,15017,15018,15019,15020,15021,15022,15023,15024,15025,15026,15027,15028,15029,15030,15031,15032
1,100,'4616',10066,10067,10068,10069,10070,10071,10072,10073,10074,10075,10076,10077,10078,10079,10080,10081,10082,10083,10084,10085,10086,10087,10088,10089,10090,10091,10092,10093,10094,10095,10096
1,100,'5454',10050,10051,10052,10053,10054,10055,10056,10057,10058,10059,10060,10061,10062,10063,10064,10065
1,101,'4614',15033,15034,15035,15036,15037,15038,15039,15040,15041,15042,15043,15044,15045,15046,15047,15048,15049,15050,15051,15052,15053,15054,15055,15056,15057,15058,15059,15060,15061,15062,15063,15064,15065,15066,15067,15068,15069,15070,15071,15072,15073,15074
1,101,'4616',10155,10156,10157,10158,10159,10160,10161,10162,10163,10164,10165,10166,10167,10168,10169,10170,10171,10172,10173,10174,10175,10176,10177,10178,10179,10180,10181,10182,10183,10184,10185,10186
1,101,'5454',10139,10140,10141,10142,10143,10144,10145,10146,10147,10148,10149,10150,10151,10152,10153,10154
2,200,'4614',15075,15076,15077,15078,15079,15080,15081,15082,15083,15084,15085,15086,15087,15088,15089,15090,15091,15092,15093
2,200,'4616',10217,10218,10219,10220,10221,10222,10223,10224,10225,10226,14187,10228,10229
2,200,'5454',10206,10207,10208,10209,10210,10211,14186,10213,10214,10215,10216
3,300,'4614',15094,15095,15096,15097,15098,15099,15100,15101,15102,15103,15104,15105,15106
3,300,'4616',10250,10251,10252,10253,10254,10255,10256
3,300,'5454',10243,10244,10245,10246,10247,10248,10249
4,400,'4614',15107,15108,15109,15110,15111,15112,15113,15114,15115,15116,15117
4,401,'4614',15118,15119,15120,15121,15122,15123,15124,15125,15126,15127,15128
5,500,'4614',15129,15130,15131,15132,15133,15134,15135,15136,15137,15138,15139,15140,15141,15142,15143,15144,15145,15146,15147,15148,15149,15150,15151,15152,15153,15154,15155,15156,15157
5,500,'4616',10322,10323,10324,10325,10326,10327,10328,10329,10330,10331,10332,10333,10334,10335,10336,10337,10338,10339,10340,10341,10342,10343,10344,10345,10346
5,500,'5454',10308,10309,10310,10311,10312,10313,10314,10315,10316,10317,10318,10319,10320,10321
5,501,'4614',15158,15159,15160,15161,15162,15163,15164,15165,15166,15167,15168,15169,15170,15171,15172,15173,15174,15175,15176,15177,15178,15179,15180,15181,15182,15183,15184,15185,15186,15187
5,501,'4616',10391,10392,10393,10394,10395,10396,10397,10398,10399,10400,10401,10402,10403,10404,10405,10406,10407,10408,10409,10410,10411,10412,10413,10414,10415,10416
5,501,'5454',10377,10378,10379,10380,10381,10382,10383,10384,10385,10386,10387,10388,10389,10390
6,600,'4614',15188,15189,15190,15191,15192,15193,15194,15195,15196,15197,15198,15199,15200,15201,15202,15203,15204,15205,15206,15207
6,600,'4616',10445,14202,10447,10448,14203,14204,14205,10452,14206,10454
6,600,'5454',10437,10438,10439,10440,10441,10442,10443,10444
6,601,'4614',15208,15209,15210,15211,15212,15213,15214,15215,15216,15217,15218,15219,15220,15221,15222,15223,15224,15225,15226,15227,15228,15229,15230
6,601,'4616',10486,10487,10488,14207,10490,14208,10492,14209,14210
6,601,'5454',10478,10479,10480,10481,10482,10483,10484,10485
8,800,'4614',15231,15232,15233,15234,15235,15236,15237,15238,15239,15240,15241,15242,15243,15244,15245,15246,15247,15248,15249,15250,15251,15252,15253,15254,15255,15256,15257,15258,15259,15260,15261,15262,15263,15264,15265,15266,15267,15268,15269,15270,15271,15272,15273,15274,15275,15276,15277,15278,15279,15280,15281,15282,15283,15284,15285,15286,15287,15288,15289,15290,15291,15292,15293,15294,15295,15296,15297,15298,15299,15300,15301
8,800,'4616',14246,14247,14248,14249,14250,14251,14252,14253,14254,14255,14256,14257,14258,14259,14260,14261,14262,14263,14264,14265,14266,14267,14268,14269,14270,14271,14272,14273,14274,14275,14276,14277,14278,14279,14280,14281,14282,14283,14284,14285,14286,14287,14288
8,800,'5454',14213,14214,14215,14216,14217,14218,14219,14220,14221,14222,14223,14224,14225,14226,14227,14228,14229,14230,14231,14232,14233,14234,14235,14236,14237,14238,14239,14240,14241,14242,14243,14244,14245
8,801,'4614',15302,15303,15304,15305,15306,15307,15308,15309,15310,15311,15312,15313,15314,15315,15316,15317,15318,15319,15320,15321,15322,15323,15324,15325,15326,15327,15328,15329,15330,15331,15332,15333,15334,15335,15336,15337,15338,15339,15340,15341,15342,15343,15344,15345,15346,15347,15348,15349,15350,15351,15352,15353,15354,15355,15356,15357,15358,15359,15360,15361,15362,15363,15364,15365,15366,15367,15368
8,801,'4616',14389,14390,14391,14392,14393,14394,14395,14396,14397,14398,14399,14400,14401,14402,14403,14404,14405,14406,14407,14408,14409,14410,14411,14412,14413,14414,14415,14416,14417,14418,14419,14420,14421,14422,14423,14424,14425,14426,14427,14428
8,801,'5454',14357,14358,14359,14360,14361,14362,14363,14364,14365,14366,14367,14368,14369,14370,14371,14372,14373,14374,14375,14376,14377,14378,14379,14380,14381,14382,14383,14384,14385,14386,14387,14388
9,900,'4614',15369,15370,15371
9,900,'4616',10784,10785,10786,10787,10788
9,900,'5454',10779,10780,10781,10782,10783
9,901,'4614',15372,15373,15374
9,901,'4616',10797,10798,10799,10800,10801
9,901,'5454',10792,10793,10794,10795,10796
10,1000,'4614',15375,15376,15377,15378,15379,15380,15381,15382,15383,15384,15385,15386,15387,15388,15389,15390,15391,15392,15393,15394,15395,15396,15397,15398,15399,15400,15401,15402,15403,15404,15405,15406,15407,15408,15409,15410,15411,15412,15413,15414,15415,15416,15417
10,1000,'4616',10868,10869,10870,10871,10872,10873,10874,10875,10876,10877,10878,10879,10880,10881,10882,10883,10884,10885,10886,10887,10888,10889,10890
10,1000,'5454',10845,10846,10847,10848,10849,10850,10851,10852,10853,10854,10855,10856,10857,10858,10859,10860,10861,10862,10863,10864,10865,10866,10867
10,1001,'4614',15418,15419,15420,15421,15422,15423,15424,15425,15426,15427,15428,15429,15430,15431,15432,15433,15434,15435,15436,15437,15438,15439,15440,15441,15442,15443,15444,15445,15446,15447,15448,15449,15450,15451,15452,15453,15454,15455,15456,15457,15458,15459,15460,15461,15462
10,1001,'4616',10959,10960,10961,10962,10963,10964,10965,10966,10967,10968,10969,10970,10971,10972,10973,10974,10975,10976,10977,10978,10979,10980,10981
10,1001,'5454',10936,10937,10938,10939,10940,10941,10942,10943,10944,10945,10946,10947,10948,10949,10950,10951,10952,10953,10954,10955,10956,10957,10958
11,1100,'4614',15463,15464,15465,15466,15467,15468,15469,15470,15471,15472,15473,15474,15475,15476,15477,15478,15479,15480,15481,15482,15483,15484,15485,15486,15487,15488,15489,15490,15491,15492,15493,15494,15495
11,1100,'4616',14511,14512,14513,14514,14515,14516,14517,14518,14519,14520,14521,14522,14523,14524,14525,14526,14527,14528,14529,14530,14531,14532,14533,14534,14535,14536,14537,14538,14539,14540,14541
11,1100,'5454',14494,14495,14496,14497,14498,14499,14500,14501,14502,14503,14504,14505,14506,14507,14508,14509,14510
11,1101,'4614',15496,15497,15498,15499,15500,15501,15502,15503,15504,15505,15506,15507,15508,15509,15510,15511,15512,15513,15514,15515,15516,15517,15518,15519,15520,15521,15522,15523,15524,15525,15526,15527,15528,15529
11,1101,'4616',14592,14593,14594,14595,14596,14597,14598,14599,14600,14601,14602,14603,14604,14605,14606,14607,14608,14609,14610,14611,14612,14613,14614,14615,14616,14617,14618,14619,14620,14621
11,1101,'5454',14575,14576,14577,14578,14579,14580,14581,14582,14583,14584,14585,14586,14587,14588,14589,14590,14591
12,1200,'4614',15530,15531,15532,15533,15534,15535,15536,15537,15538,15539,15540
12,1200,'4616',11162,11163,11164,11165,11166,11167,11168
12,1200,'5454',11155,11156,11157,11158,11159,11160,11161
12,1201,'4614',15541,15542,15543,15544,15545,15546,15547,15548,15549,15550,15551
12,1201,'4616',11187,11188,11189,11190,11191,11192,11193
12,1201,'5454',11180,11181,11182,11183,11184,11185,11186
13,1300,'4614',15552,15553,15554,15555,15556,15557,15558,15559,15560,15561,15562,15563,15564,15565,15566,15567,15568,15569,15570,15571,15572,15573,15574,15575
13,1301,'4614',15576,15577,15578,15579,15580,15581,15582,15583,15584,15585,15586,15587,15588,15589,15590,15591,15592,15593,15594,15595,15596,15597,15598,15599
14,1400,'4614',15600,15601,15602,15603,15604,15605,15606,15607,15608,15609,15610,15611,15612,15613,15614,15615,15616,15617,15618,15619,15620
14,1400,'4616',11277,11278,11279,11280,11281,11282,11283,11284,11285,11286,11287,11288,11289,11290
14,1400,'5454',11263,11264,11265,11266,11267,11268,11269,11270,11271,11272,11273,11274,11275,11276
14,1401,'4614',15621,15622,15623,15624,15625,15626,15627,15628,15629,15630,15631,15632,15633,15634,15635,15636,15637,15638,15639,15640,15641
14,1401,'4616',11326,11327,11328,11329,11330,11331,11332,11333,11334,11335,11336,11337,11338,11339
14,1401,'5454',11312,11313,11314,11315,11316,11317,11318,11319,11320,11321,11322,11323,11324,11325
16,1601,'4614',15642,15643,15644,15645,15646,15647,15648,15649,15650,15651,15652,15653,15654,15655,15656,15657,15658,15659,15660,15661,15662,15663,15664,15665,15666,15667,15668
16,1601,'4616',11381,11382,11383,11384,11385,11386,11387,11388,11389,11390,11391,11392,11393,11394,11395
16,1601,'5454',11367,11368,11369,11370,11371,11372,11373,11374,11375,11376,11377,11378,11379,11380
18,1800,'4614',15669,15670,15671,15672,15673,15674,15675,15676,15677,15678,15679,15680,15681,15682,15683,15684,15685,15686,15687,15688,15689,15690,15691,15692,15693,15694,15695
18,1800,'4616',11436,11437,11438,14672,14673,11441,14674,11443,14675,14676,11446,14677,14678,14679,14680,14681,14682
18,1800,'5454',14659,14660,14661,14662,14663,14664,14665,14666,14667,14668,14669,14670,14671
18,1801,'4614',15696,15697,15698,15699,15700,15701,15702,15703,15704,15705,15706,15707,15708,15709,15710,15711,15712,15713,15714,15715,15716,15717,15718,15719,15720,15721,15722
18,1801,'4616',14714,14715,11494,14716,14717,14718,11498,14719,14720,11501,11502,11503,14721,11505,14722,14723
18,1801,'5454',14702,14703,14704,14705,14706,14707,14708,14709,14710,14711,14712,14713
19,1900,'4614',15723,15724,15725,15726,15727,15728,15729,15730,15731,15732,15733,15734,15735,15736,15737,15738,15739,15740,15741,15742,15743,15744,15745,15746,15747,15748,15749,15750,15751,15752,15753,15754,15755,15756
19,1900,'4616',14755,14756,14757,14758,14759,14760,14761,14762,14763,14764,14765,14766,14767,14768,14769,14770,14771,14772,14773,14774,14775,14776,14777,14778
19,1900,'5454',14743,14744,14745,14746,14747,14748,14749,14750,14751,14752,14753,14754
19,1901,'4614',15757,15758,15759,15760,15761,15762,15763,15764,15765,15766,15767,15768,15769,15770,15771,15772,15773,15774,15775,15776,15777,15778,15779,15780,15781,15782,15783,15784,15785,15786,15787,15788,15789,15790
19,1901,'4616',14825,14826,14827,14828,14829,14830,14831,14832,14833,14834,14835,14836,14837,14838,14839,14840,14841,14842,14843,14844,14845,14846,14847,14848,14849
19,1901,'5454',14812,14813,14814,14815,14816,14817,14818,14819,14820,14821,14822,14823,14824
20,2000,'4614',15791,15792,15793,15794,15795,15796,15797,15798,15799,15800,15801,15802,15803,15804,15805,15806,15807,15808,15809
20,2000,'4616',11681,11682,11683,11684,11685,11686,11687,11688,11689,11690,11691,11692,11693
20,2000,'5454',11669,11670,11671,11672,11673,11674,11675,11676,11677,11678,11679,11680
20,2001,'4614',15810,15811,15812,15813,15814,15815,15816,15817,15818,15819,15820,15821,15822,15823,15824,15825,15826,15827,15828,15829,15830
20,2001,'4616',11726,11727,11728,11729,11730,11731,11732,11733,11734,11735,11736,11737,11738,11739,11740
20,2001,'5454',11715,11716,11717,11718,11719,11720,11721,11722,11723,11724,11725
21,2101,'4614',15831,15832,15833,15834,15835,15836,15837,15838,15839,15840,15841,15842,15843,15844,15845,15846,15847,15848,15849,15850,15851,15852,15853
21,2101,'4616',11775,11776,11777,11778,11779,11780,11781,11782,11783,11784,11785,11786,11787,11788,11789,11790,11791,11792,11793,11794
21,2101,'5454',11764,11765,11766,11767,11768,11769,11770,11771,11772,11773,11774
22,2200,'4614',15854,15855,15856,15857,15858,15859,15860,15861,15862,15863,15864,15865,15866,15867,15868
22,2200,'4616',11819,11820,11821,11822,11823,11824,11825,11826,11827,11828,11829,11830
22,2200,'5454',11810,11811,11812,11813,11814,11815,11816,11817,11818
22,2201,'4614',15869,15870,15871,15872,15873,15874,15875,15876,15877,15878,15879,15880,15881,15882,15883
22,2201,'4616',11855,11856,11857,11858,11859,11860,11861,11862,11863,11864,11865,11866
22,2201,'5454',11846,11847,11848,11849,11850,11851,11852,11853,11854
23,2300,'4614',15884,15885,15886,15887,15888,15889,15890,15891,15892,15893,15894,15895,15896,15897,15898,15899,15900,15901,15902,15903,15904,15905,15906,15907,15908,15909,15910,15911,15912,15913,15914,15915,15916,15917,15918,15919,15920,15921,15922,15923,15924
23,2300,'4616',14889,14890,11925,11926,11927,14891,11929,14892,11931,14893,14894,14895,14896,14897,11937,14898,11939,11940,14899,11942,14900,11944,11945,14901,11947,11948,14902,11950,11951
23,2300,'5454',11908,11909,11910,11911,11912,11913,11914,11915,11916,14883,14884,14885,14886,14887,14888
23,2301,'4614',15925,15926,15927,15928,15929,15930,15931,15932,15933,15934,15935,15936,15937,15938,15939,15940,15941,15942,15943,15944,15945,15946,15947,15948,15949,15950,15951,15952,15953,15954,15955,15956,15957,15958,15959,15960,15961,15962,15963,15964,15965
23,2301,'4616',14936,14937,14938,14939,14940,12013,12014,12015,14941,12017,12018,14942,12020,12021,12022,12023,12024,12025,12026,14943,12028,14944,14945,14946,14947,14948,12034,12035,14949
23,2301,'5454',14930,11994,14931,11996,14932,11998,11999,14933,12001,12002,14934,12004,12005,12006,14935
24,2400,'4614',15966,15967,15968,15969,15970,15971,15972,15973,15974,15975,15976,15977,15978,15979,15980,15981,15982,15983,15984,15985,15986
24,2400,'4616',12069,12070,12071,12072,12073,12074,12075,12076,12077,12078,12079,12080,12081
24,2400,'5454',12058,12059,12060,12061,12062,12063,12064,12065,12066,12067,12068
24,2401,'4614',15987,15988,15989,15990,15991,15992,15993,15994,15995,15996,15997,15998,15999,16000,16001,16002,16003,16004,16005,16006
24,2401,'4616',12114,12115,12116,12117,12118,12119,12120,12121,12122,12123,12124,12125,12126
24,2401,'5454',12102,12103,12104,12105,12106,12107,12108,12109,12110,12111,12112,12113
25,2500,'4614',16007,16008,16009,16010,16011,16012,16013,16014,16015,16016
25,2500,'4616',12141,12142,12143,12144,12145
25,2500,'5454',12137,12138,12139,12140
25,2501,'4614',16017,16018,16019,16020,16021,16022,16023,16024,16025,16026
25,2501,'4616',12160,12161,12162,12163,12164
25,2501,'5454',12156,12157,12158,12159
26,2600,'4614',16027,16028,16029,16030,16031,16032,16033,16034,16035,16036,16037,16038,16039,16040,16041,16042,16043
26,2600,'4616',12186,12187,12188,12189,12190,12191,12192,12193,12194,12195,12196
26,2600,'5454',12182,12183,12184,12185
26,2601,'4614',16044,16045,16046,16047,16048,16049,16050,16051,16052,16053,16054,16055,16056,16057,16058,16059,16060
26,2601,'4616',12220,12221,12222,12223,12224,12225,12226,12227,12228,12229,12230
26,2601,'5454',12214,12215,12216,12217,12218,12219
28,2800,'4614',16061,16062,16063,16064,16065,16066
28,2801,'4614',16067,16068,16069,16070,16071,16072
29,2900,'4614',16073,16074,16075,16076,16077,16078,16079,16080,16081,16082,16083,16084
32,3200,'4614',16085,16086,16087,16088,16089,16090,16091,16092,16093,16094,16095,16096,16097,16098,16099
84,8400,'4614',16100,16101,16102,16103,16104,16105,16106,16107,16108,16109,16110,16111,16112,16113,16114,16115,16116,16117
84,8401,'4614',16118,16119,16120,16121,16122,16123,16124,16125,16126,16127,16128,16129,16130,16131,16132,16133,16134,16135
88,8801,'4614',16136
97,9700,'4614',16137,16138,16139,16140,16141,16142,16143,16144,16145,16146,16147,16148,16149,16150,16151,16152,16153,16154,16155,16156,16157,16158,16159,16160,16161,16162,16163,16164,16165,16166,16167,16168,16169,16170,16171,16172,16173,16174,16175,16176,16177
97,9700,'4616',14985,12441,12442,12443,12444,12445,12446,12447,12448,12449,14986,12451,14987,12453,12454,12455,12456,12457,12458,12459,12460,12461,12462,12463,12464,12465,12466,12467,12468,12469,12470,12471,12472,12473,12474,12475,12476,12477
97,9700,'4619',16178,16179,16180,16181,16182,16183,16184,16185,16186,16187,16188,16189,16190,16191,16192,16193,16194,16195,16196,16197,16198,16199,16200,16201,16202,16203,16204,16205,16206,16207,16208
97,9700,'4931',16209,16210,16211,16212,16213,16214,16215,16216,16217,16218,16219,16220,16221,16222,16223,16224,16225,16226,16227,16228,16229,16230,16231,16232,16233,16234,16235,16236,16237
97,9700,'5454',12408,12409,12410,12411,12412,12413,12414,12415,12416,12417,12418,12419,12420,12421,12422,12423,12424,12425,12426,12427,12428,12429,12430,12431,12432,12433,12434,12435,12436,12437,12438,12439
97,9701,'4614',16238,16239,16240,16241,16242,16243,16244,16245,16246,16247,16248,16249,16250,16251,16252,16253,16254,16255,16256,16257,16258,16259,16260,16261,16262,16263,16264,16265,16266,16267,16268,16269,16270,16271,16272,16273,16274,16275,16276
97,9701,'4616',12611,14988,12613,12614,12615,14989,12617,12618,12619,12620,12621,12622,14990,12624,12625,12626,12627,12628,12629,12630,12631,12632,12633,12634,12635,12636,12637,12638,12639,12640,12641,12642,12643,12644,12645,12646,12647,12648,12649
97,9701,'4619',16277,16278,16279,16280,16281,16282,16283,16284,16285,16286,16287,16288,16289,16290,16291,16292,16293,16294,16295,16296,16297,16298,16299,16300,16301,16302,16303,16304,16305,16306,16307,16308
97,9701,'4931',16309,16310,16311,16312,16313,16314,16315,16316,16317,16318,16319,16320,16321,16322,16323,16324,16325,16326,16327,16328,16329,16330,16331,16332,16333,16334,16335,16336,16337,16338
97,9701,'5454',12579,12580,12581,12582,12583,12584,12585,12586,12587,12588,12589,12590,12591,12592,12593,12594,12595,12596,12597,12598,12599,12600,12601,12602,12603,12604,12605,12606,12607,12608,12609,12610
98,9800,'4614',16339,16340,16341,16342,16343,16344,16345,16346,16347,16348,16349,16350,16351,16352,16353,16354,16355,16356,16357,16358,16359,16360,16361,16362,16363,16364,16365,16366,16367,16368,16369,16370,16371,16372
98,9800,'4616',12698,12699,12700,12701,12702,12703,12704,12705,12706,12707,12708,12709,12710,12711
98,9800,'5454',12684,12685,12686,12687,12688,12689,12690,12691,12692,12693,12694,12695,12696,12697
98,9801,'4614',16373,16374,16375,16376,16377,16378,16379,16380,16381,16382,16383,16384,16385,16386,16387,16388,16389,16390,16391,16392,16393,16394,16395,16396,16397,16398,16399,16400,16401,16402,16403,16404,16405,16406
98,9801,'4616',12760,12761,12762,12763,12764,12765,12766,12767,12768,12769,12770,12771,12772,12773
98,9801,'5454',12746,12747,12748,12749,12750,12751,12752,12753,12754,12755,12756,12757,12758,12759
