2401,'4614',607,,15987,4,,,0,104,,15988,4,,,0,32,,15989,4,,,0,106,,15990,4,,,0,71,,15991,4,,,0,32,,15992,4,,,0,103,,15995,4,,,0,104,,15993,4,,,0,143,,15994,4,,,0,108,,15996,4,,,0,116,,15997,4,,,0,29,,15999,4,,,0,69,,16000,4,,,0,32,,15998,4,,,0,72,,16001,4,,,0,72,,16002,4,,,0,43,,16004,4,,,0,94,,16003,4,,,0,116,,16005,4,,,0,101,,16006,4,,,0
2401,'4616',820,,12119,4,,,0,100,,12116,4,,,0,98,,12117,4,,,0,111,,12114,4,,,0,104,,12118,4,,,0,107,,12115,4,,,0,89,,12121,4,,,0,123,,12122,4,,,0,94,,12120,4,,,0,102,,12125,4,,,0,105,,12123,4,,,0,105,,12126,4,,,0,145,,12124,4,,,0
2401,'5454',725,,12105,4,,,0,103,,12102,4,,,0,107,,12104,4,,,0,104,,12103,4,,,0,108,,12106,4,,,0,101,,12108,4,,,0,109,,12109,4,,,0,102,,12107,4,,,0,93,,12110,4,,,0,107,,12111,4,,,0,141,,12112,4,,,0,59,,12113,4,,,0
2501,'4614',716,,16017,4,,,0,94,,16018,4,,,0,91,,16019,4,,,0,134,,16020,4,,,0,171,,16022,4,,,0,137,,16021,4,,,0,112,,16023,4,,,0,100,,16024,4,,,0,95,,16025,4,,,0,91,,16026,4,,,0
2501,'4616',944,,12161,4,,,0,172,,12162,4,,,0,133,,12160,4,,,0,181,,12164,4,,,0,391,,12163,4,,,0
2501,'5454',1028,,12156,4,,,0,228,,12157,4,,,0,291,,12158,4,,,0,269,,12159,4,,,0
2601,'4614',610,,16045,4,,,0,37,,16044,4,,,0,75,,16046,4,,,0,80,,16048,4,,,0,36,,16047,4,,,0,119,,16049,4,,,0,166,,16050,4,,,0,134,,16051,4,,,0,176,,16052,4,,,0,77,,16054,4,,,0,35,,16055,4,,,0,79,,16053,4,,,0,35,,16056,4,,,0,82,,16057,4,,,0,72,,16058,4,,,0,108,,16059,4,,,0,135,,16060,4,,,0
2601,'4616',735,,12220,4,,,0,100,,12221,4,,,0,195,,12224,4,,,0,173,,12226,4,,,0,132,,12225,4,,,0,172,,12223,4,,,0,51,,12222,4,,,0,164,,12227,4,,,0,199,,12229,4,,,0,30,,12228,4,,,0,175,,12230,4,,,0
2601,'5454',716,,12215,4,,,0,34,,12214,4,,,0,364,,12216,4,,,0,231,,12217,4,,,0,288,,12218,4,,,0,303,,12219,4,,,0
2801,'4614',712,,16067,4,,,0,92,,16068,4,,,0,699,,16069,4,,,0,99,,16070,4,,,0,55,,16071,4,,,0,100,,16072,4,,,0
2900,'4614',640,,16073,31,,,0,70,,16074,31,,,0,30,,16076,31,,,0,76,,16075,31,,,0,30,,16083,31,,,0,675,,16084,31,,,0,35,,16082,31,,,0,69,,16079,31,,,0,30,,16077,31,,,0,75,,16078,31,,,0,75,,16080,31,,,0,110,,16081,31,,,0
