100,'4614',610,,15015,13,,,0,30,,15027,13,,,0,70,,15016,13,,,0,15,,15008,13,,,0,16,,15026,13,,,0,16,,15006,13,,,0,56,,15013,13,,,0,17,,15007,13,,,0,16,,15025,13,,,0,55,,15005,13,,,0,16,,15017,13,,,0,16,,15009,13,0,13,0,16,,15028,13,,,0,72,,15018,13,,,0,32,,15029,13,,,0,72,,15014,13,,,0,33,,15024,13,,,0,73,,15019,13,,,0,73,,15030,13,,,0,33,,15020,13,,,0,73,,15032,13,,,0,17,,15001,13,,,0,17,,15011,13,,,0,58,,14991,13,,,0,20,,15023,13,,,0,20,,15002,13,,,0,60,,15021,13,,,0,19,,14992,13,,,0,20,,15022,13,,,0,60,,15000,13,,,0,17,,15012,13,,,0,17,,14999,13,,,0,17,,15031,13,,,0,56,,15004,13,,,0,17,,15010,13,,,0,15,,14998,13,,,0,70,,15003,13,,,0,30,,14994,13,,,0,100,,14996,13,,,0,99,,14995,13,,,0,100,,14997,13,,,0,100,,14993,13,,,0
100,'4616',743,,10096,13,,,0,71,,10066,13,,,0,30,,10067,13,,,0,70,,10068,13,,,0,31,,10069,13,,,0,70,,10070,13,,,0,30,,10071,13,,,0,70,,10092,13,,,0,30,,10072,13,,,0,70,,10073,13,,,0,30,,10074,13,,,0,70,,10075,13,,,0,30,,10076,13,,,0,70,,10077,13,,,0,30,,10078,13,,,0,70,,10079,13,,,0,30,,10080,13,,,0,70,,10081,13,,,0,30,,10082,13,,,0,70,,10083,13,,,0,30,,10084,13,,,0,69,,10085,13,,,0,30,,10093,13,,,0,70,,10087,13,,,0,30,,10094,13,,,0,70,,10088,13,,,0,30,,10095,13,,,0,72,,10089,13,,,0,99,,10086,13,,,0,100,,10090,13,,,0,98,,10091,13,,,0
100,'5454',743,,10065,13,,,0,100,,10050,13,,,0,100,,10051,13,,,0,100,,10052,13,,,0,100,,10053,13,,,0,100,,10054,13,,,0,100,,10055,13,,,0,100,,10056,13,,,0,100,,10057,13,,,0,100,,10058,13,,,0,100,,10059,13,,,0,99,,10060,13,,,0,100,,10061,13,,,0,99,,10062,13,,,0,100,,10063,13,,,0,100,,10064,13,,,0
101,'4614',609,,15064,12,,,0,31,,15054,12,,,0,70,,15068,12,,,0,16,,15050,12,,,0,16,,15060,12,,,0,17,,15051,12,,,0,49,,15033,12,,,0,7,,15065,12,,,0,16,,15049,12,,,0,16,,15058,12,,,0,55,,15052,12,,,0,16,,15067,12,,,0,32,,15055,12,,,0,72,,15070,12,,,0,32,,15056,12,,,0,73,,15066,12,,,0,74,,15059,12,,,0,33,,15071,12,,,0,73,,15057,12,,,0,33,,15069,12,,,0,17,,15044,12,,,0,57,,15061,12,,,0,17,,15041,12,,,0,17,,15072,12,,,0,60,,15048,12,,,0,20,,15053,12,,,0,20,,15042,12,,,0,60,,15073,12,,,0,20,,15045,12,,,0,19,,15062,12,,,0,57,,15043,12,,,0,17,,15074,12,,,0,16,,15047,12,,,0,17,,15063,12,,,0,56,,15039,12,,,0,30,,15046,12,,,0,69,,15038,12,,,0,100,,15040,12,,,0,100,,15035,12,,,0,99,,15036,12,,,0,100,,15037,12,,,0,100,,15034,12,,,0
101,'4616',714,,10186,12,,,0,30,,10185,12,,,0,70,,10157,12,,,0,30,,10158,12,,,0,70,,10155,12,,,0,31,,10156,12,,,0,70,,10159,12,,,0,30,,10160,12,,,0,70,,10165,12,,,0,30,,10164,12,,,0,70,,10163,12,,,0,30,,10162,12,,,0,70,,10167,12,,,0,30,,10161,12,,,0,70,,10168,12,,,0,30,,10180,12,,,0,70,,10181,12,,,0,30,,10171,12,,,0,70,,10170,12,,,0,30,,10172,12,,,0,70,,10166,12,,,0,30,,10169,12,,,0,70,,10182,12,,,0,30,,10175,12,,,0,69,,10183,12,,,0,30,,10173,12,,,0,70,,10184,12,,,0,35,,10176,12,,,0,100,,10174,12,,,0,100,,10177,12,,,0,99,,10178,12,,,0,96,,10179,12,,,0
101,'5454',714,,10154,12,,,0,100,,10139,12,,,0,100,,10140,12,,,0,101,,10141,12,,,0,100,,10142,12,,,0,100,,10143,12,,,0,100,,10144,12,,,0,100,,10145,12,,,0,100,,10146,12,,,0,100,,10147,12,,,0,100,,10148,12,,,0,100,,10149,12,,,0,99,,10150,12,,,0,99,,10151,12,,,0,100,,10152,12,,,0,100,,10153,12,,,0
400,'4614',624,,15117,3,,,0,30,,15116,3,,,0,75,,15115,3,,,0,30,,15113,3,,,0,72,,15114,3,,,0,671,,15108,3,,,0,35,,15111,3,,,0,74,,15112,3,,,0,35,,15110,3,,,0,75,,15109,3,,,0,35,,15107,3,,,0
801,'4614',626,,15303,46,,,0,80,,15304,32,,,0,12,,15305,46,,,0,17,,15302,32,,,0,7,,15306,46,,,0,16,,15308,46,,,0,56,,15309,46,,,0,15,,15310,46,,,0,15,,15307,46,,,0,15,,15311,46,,,0,54,,15312,46,,,0,14,,15313,46,,,0,15,,15314,46,,,0,15,,15315,46,,,0,55,,15316,46,,,0,15,,15317,46,,,0,16,,15318,46,,,0,15,,15319,46,,,0,55,,15320,46,,,0,15,,15321,46,,,0,15,,15322,46,,,0,15,,15323,46,,,0,56,,15324,46,,,0,15,,15325,46,,,0,15,,15326,46,,,0,15,,15327,46,,,0,55,,15328,46,,,0,15,,15329,46,,,0,15,,15330,46,,,0,15,,15331,46,,,0,55,,15332,46,,,0,15,,15333,46,,,0,15,,15334,46,,,0,56,,15335,46,,,0,16,,15336,46,,,0,16,,15338,46,,,0,5,,15337,18,,,0,12,,15339,46,,,0,59,,15341,46,,,0,12,,15340,35,,,0,4,,15342,46,,,0,14,,15343,46,,,0,14,,15344,46,,,0,56,,15345,46,,,0,15,,15346,46,,,0,15,,15347,46,,,0,14,,15348,46,,,0,54,,15349,46,,,0,15,,15350,46,,,0,16,,15351,46,,,0,14,,15352,46,,,0,55,,15353,46,,,0,16,,15354,46,,,0,16,,15355,46,,,0,18,,15356,46,,,0,65,,15357,46,,,0,26,,15358,46,,,0,64,,15359,46,,,0,24,,15360,46,,,0,65,,15361,46,,,0,23,,15362,46,,,0,85,,15363,46,,,0,43,,15364,46,,,0,83,,15365,46,,,0,85,,15366,46,,,0
801,'4616',647,,14414,32,,,0,80,,14421,46,,,0,75,,14403,46,,,0,35,,14410,46,,,0,76,,14420,46,,,0,36,,14402,46,,,0,75,,14413,46,,,0,76,,14419,46,,,0,30,,14392,46,,,0,71,,14401,46,,,0,26,,14407,46,,,0,25,,14418,46,,,0,65,,14424,46,,,0,20,,14390,46,,,0,20,,14400,46,,,0,60,,14425,46,,,0,19,,14406,46,,,0,20,,14416,46,,,0,60,,14426,46,,,0,20,,14389,46,,,0,20,,14398,46,,,0,60,,14423,46,,,0,19,,14404,46,,,0,20,,14415,46,,,0,60,,14427,46,,,0,19,,14391,46,,,0,20,,14399,46,,,0,59,,14428,46,,,0,20,,14405,46,,,0,20,,14417,46,,,0,59,,14422,46,,,0,19,,14393,46,,,0,28,,14395,46,,,0,69,,14408,46,,,0,84,,14394,46,,,0,45,,14411,46,,,0,84,,14396,46,,,0,84,,14409,46,,,0,84,,14397,46,,,0,44,,14412,46,,,0
801,'5454',646,,14359,32,,,0,77,,14360,46,,,0,35,,14361,46,,,0,77,,14362,46,,,0,77,,14363,46,,,0,35,,14364,46,,,0,75,,14365,46,,,0,37,,14366,46,,,0,75,,14368,46,,,0,70,,14369,46,,,0,31,,14370,46,,,0,70,,14367,46,,,0,30,,14373,46,,,0,70,,14374,46,,,0,30,,14371,46,,,0,70,,14372,46,,,0,30,,14375,46,,,0,70,,14376,46,,,0,29,,14377,46,,,0,70,,14379,46,,,0,29,,14380,46,,,0,70,,14381,46,,,0,29,,14378,46,,,0,69,,14382,46,,,0,28,,14383,46,,,0,29,,14384,46,,,0,68,,14385,46,,,0,85,,14386,46,,,0,44,,14387,46,,,0,85,,14388,46,,,0,84,,14357,46,,,0,85,,14358,46,,,0
1200,'4614',656,,15532,3,,,0,81,,15530,3,,,0,70,,15540,3,,,0,10,,15531,3,,,0,635,,15533,3,,,0,84,,15534,3,,,0,85,,15535,3,,,0,84,,15536,3,,,0,46,,15537,3,,,0
