600,'4614',657,,12972,7,,,0,75,,12989,7,,,0,75,,12971,7,,,0,35,,12988,7,,,0,75,,12979,7,,,0,110,,12980,7,,,0,110,,12981,7,,,0,110,,12977,7,,,0,110,,12978,7,,,0,75,,12983,7,,,0,75,,12976,7,,,0,35,,12982,7,,,0,75,,12975,7,,,0,35,,12985,7,,,0,75,,12974,7,,,0,75,,12986,7,,,0,35,,12973,7,,,0,110,,12987,7,,,0,110,,12984,7,,,0,154,,12990,7,,,0
600,'5556',847,,10437,7,,,0,160,,10438,7,,,0,120,,10439,7,,,0,120,,10441,7,,,0,160,,10443,7,,,0,120,,10444,7,,,0,120,,10440,7,,,0,160,,10442,7,,,0
600,'5557',810,,10454,7,,,0,100,,14202,7,,,0,100,,10445,7,,,0,100,,10448,7,,,0,100,,14204,7,,,0,100,,10447,7,,,0,100,,14205,7,,,0,100,,10452,7,,,0,100,,14203,7,,,0,100,,14206,7,,,0
1800,'4614',625,,13466,23,4,,0,106,,13467,23,4,,0,27,,14684,23,4,,0,66,,13468,23,4,,0,29,,14685,23,4,,0,68,,13471,23,4,,0,27,,14686,23,4,,0,80,,14690,23,4,,0,80,,14689,23,4,,0,40,,14687,23,4,,0,80,,14688,23,4,,0,80,,14683,23,4,,0,40,,14694,23,4,,0,80,,14692,23,4,,0,28,,13470,23,4,,0,67,,14695,23,4,,0,29,,13469,23,4,,0,68,,14693,23,4,,0,30,,13472,23,4,,0,66,,14691,23,4,,0,30,,13473,23,4,,0,70,,14696,23,4,,0,95,,14698,23,4,,0,37,,14697,23,4,,0,80,,14699,23,4,,0,83,,14700,23,4,,0,115,,14701,23,4,,0
1800,'5556',744,,14671,23,4,,0,103,,14664,23,4,,0,155,,14663,23,4,,0,120,,14662,23,4,,0,115,,14661,23,4,,0,120,,14660,23,4,,0,155,,14659,23,4,,0,120,,14665,23,4,,0,115,,14666,23,4,,0,157,,14667,23,4,,0,115,,14668,23,4,,0,115,,14669,23,4,,0,115,,14670,23,4,,0
1800,'5557',744,,11446,23,4,,0,102,,11438,23,4,,0,100,,14672,23,4,,0,100,,11437,23,4,,0,100,,11436,23,4,,0,100,,14673,23,4,,0,100,,11441,23,4,,0,100,,14674,23,4,,0,100,,11443,23,4,,0,100,,14675,23,4,,0,100,,14676,23,4,,0,83,,14677,23,4,,0,115,,14678,23,4,,0,115,,14679,23,4,,0,155,,14680,23,4,,0,115,,14681,23,4,,0,115,,14682,23,4,,0
1801,'4614',625,,13492,1,,,0,107,,13494,1,,,0,26,,14724,1,,,0,66,,13495,1,,,0,29,,14725,1,,,0,68,,13498,1,,,0,27,,14727,1,,,0,80,,14726,1,,,0,80,,14731,1,,,0,40,,14732,1,,,0,80,,14734,1,,,0,80,,14733,1,,,0,40,,14728,1,,,0,80,,14729,1,,,0,28,,13497,1,,,0,68,,14730,1,,,0,28,,13496,1,,,0,68,,14742,1,,,0,30,,13499,1,,,0,67,,14737,1,,,0,30,,13500,1,,,0,69,,14736,1,,,0,95,,14740,1,,,0,37,,14739,1,,,0,80,,14738,1,,,0,120,,14741,1,,,0,109,,14735,1,,,0
1801,'5556',813,,14706,1,,,0,115,,14707,1,,,0,120,,14704,1,,,0,155,,14705,1,,,0,120,,14703,1,,,0,115,,14702,1,,,0,120,,14708,1,,,0,155,,14709,1,,,0,120,,14710,1,,,0,115,,14711,1,,,0,155,,14712,1,,,0,115,,14713,1,,,0
1801,'5557',744,,11494,1,,,0,102,,11498,1,,,0,100,,14719,1,,,0,100,,11502,1,,,0,100,,11503,1,,,0,100,,14720,1,,,0,100,,11501,1,,,0,100,,14721,1,,,0,100,,11505,1,,,0,100,,14722,1,,,0,100,,14723,1,,,0,167,,14716,1,,,0,115,,14718,1,,,0,115,,14715,1,,,0,115,,14717,1,,,0,155,,14714,1,,,0
1900,'4614',719,,14811,16,4,,0,20,,14810,16,4,,0,20,,14807,16,4,,0,60,,14808,16,4,,0,19,,14785,16,4,,0,20,,14805,16,4,,0,61,,14784,16,4,,0,35,,14791,16,4,,0,75,,14788,16,4,,0,75,,14787,16,4,,0,35,,14786,16,4,,0,75,,14789,16,4,,0,35,,14790,16,4,,0,75,,14793,16,4,,0,35,,14794,16,4,,0,76,,14797,16,4,,0,20,,14779,16,4,,0,1,,13534,10,4,,0,59,,14795,16,4,,0,20,,14780,16,4,,0,20,,14796,16,4,,0,60,,14782,16,4,,0,20,,14792,16,4,,0,20,,14781,16,4,,0,60,,14799,16,4,,0,19,,14783,16,4,,0,20,,14798,16,4,,0,75,,14800,16,4,,0,75,,14802,16,4,,0,34,,14803,16,4,,0,75,,14801,16,4,,0,35,,14804,16,4,,0,100,,14809,16,4,,0,109,,14806,16,4,,0
1900,'5556',813,,14748,16,4,,0,115,,14747,16,4,,0,120,,14746,16,4,,0,155,,14745,16,4,,0,120,,14744,16,4,,0,115,,14743,16,4,,0,120,,14749,16,4,,0,155,,14750,16,4,,0,120,,14752,16,4,,0,115,,14751,16,4,,0,155,,14753,16,4,,0,115,,14754,16,4,,0
1900,'5557',743,,14756,16,4,,0,75,,14757,16,4,,0,35,,14758,16,4,,0,75,,14755,16,4,,0,75,,14759,16,4,,0,35,,14761,16,4,,0,75,,14762,16,4,,0,35,,14763,16,4,,0,75,,14760,16,4,,0,35,,14764,16,4,,0,75,,14766,16,4,,0,75,,14767,16,4,,0,35,,14768,16,4,,0,75,,14765,16,4,,0,35,,14769,16,4,,0,75,,14770,16,4,,0,75,,14771,16,4,,0,35,,14772,16,4,,0,75,,14773,16,4,,0,100,,14774,16,4,,0,115,,14775,16,4,,0,115,,14776,16,4,,0,115,,14778,16,4,,0,155,,14777,16,4,,0
1901,'4614',719,,14882,1,,,0,20,,14878,1,,,0,20,,14879,1,,,0,60,,14877,1,,,0,19,,14858,1,,,0,20,,14873,1,,,0,61,,14856,1,,,0,35,,14857,1,,,0,75,,14854,1,,,0,75,,14859,1,,,0,35,,14860,1,,,0,75,,14861,1,,,0,35,,14865,1,,,0,75,,14862,1,,,0,35,,14863,1,,,0,76,,14866,1,,,0,20,,14851,1,,,0,1,,13568,1,,,0,59,,14864,1,,,0,20,,14850,1,,,0,20,,14869,1,,,0,60,,14852,1,,,0,20,,14870,1,,,0,20,,14853,1,,,0,60,,14868,1,,,0,19,,14855,1,,,0,20,,14872,1,,,0,75,,14876,1,,,0,75,,14874,1,,,0,34,,14867,1,,,0,75,,14871,1,,,0,35,,14875,1,,,0,63,,14881,1,,,0,115,,14880,1,,,0
1901,'5556',744,,14824,1,,,0,103,,14817,1,,,0,155,,14816,1,,,0,120,,14815,1,,,0,115,,14814,1,,,0,120,,14813,1,,,0,155,,14812,1,,,0,120,,14818,1,,,0,115,,14819,1,,,0,157,,14820,1,,,0,115,,14821,1,,,0,115,,14822,1,,,0,115,,14823,1,,,0
1901,'5557',743,,14833,1,,,0,75,,14835,1,,,0,35,,14837,1,,,0,75,,14834,1,,,0,75,,14839,1,,,0,35,,14836,1,,,0,75,,14840,1,,,0,35,,14841,1,,,0,75,,14844,1,,,0,35,,14845,1,,,0,75,,14838,1,,,0,75,,14842,1,,,0,35,,14846,1,,,0,75,,14847,1,,,0,35,,14843,1,,,0,75,,14848,1,,,0,75,,14849,1,,,0,35,,14831,1,,,0,75,,14832,1,,,0,16,,14825,1,,,0,115,,14827,1,,,0,115,,14828,1,,,0,155,,14829,1,,,0,115,,14826,1,,,0,115,,14830,1,,,0
