2001,'4614',641,,15810,33,,,0,72,,15811,33,,,0,106,,15813,33,,,0,32,,15812,33,,,0,70,,15815,33,,,0,34,,15814,33,,,0,104,,15816,33,,,0,142,,15818,33,,,0,107,,15817,33,,,0,104,,15819,33,,,0,111,,15822,33,,,0,81,,15820,33,,,0,24,,15821,33,,,0,72,,15823,33,,,0,32,,15825,33,,,0,72,,15824,33,,,0,32,,15826,33,,,0,119,,15827,33,,,0,89,,15828,33,,,0,156,,15829,33,,,0,116,,15830,33,,,0
2001,'4616',703,,11731,33,,,0,103,,11732,33,,,0,114,,11726,33,,,0,106,,11730,33,,,0,103,,11727,33,,,0,106,,11729,33,,,0,103,,11728,33,,,0,101,,11734,33,,,0,94,,11733,33,,,0,120,,11735,33,,,0,90,,11738,33,,,0,106,,11739,33,,,0,110,,11736,33,,,0,149,,11740,33,,,0,100,,11737,33,,,0
2001,'5454',831,,11718,33,,,0,101,,11715,33,,,0,110,,11717,33,,,0,103,,11716,33,,,0,108,,11721,33,,,0,102,,11720,33,,,0,149,,11722,33,,,0,98,,11719,33,,,0,101,,11723,33,,,0,103,,11724,33,,,0,100,,11725,33,,,0
2401,'4614',620,,15987,24,,,0,105,,15988,24,,,0,32,,15989,24,,,0,146,,15990,24,,,0,31,,15991,24,,,0,72,,15992,24,,,0,103,,15995,24,,,0,104,,15993,24,,,0,103,,15994,24,,,0,108,,15996,24,,,0,125,,15997,24,,,0,62,,15999,24,,,0,28,,16000,24,,,0,71,,15998,24,,,0,32,,16001,24,,,0,72,,16002,24,,,0,43,,16004,24,,,0,94,,16003,24,,,0,154,,16005,24,,,0,101,,16006,24,,,0
2401,'4616',833,,12119,24,,,0,100,,12116,24,,,0,98,,12117,24,,,0,111,,12114,24,,,0,104,,12118,24,,,0,107,,12115,24,,,0,89,,12121,24,,,0,164,,12122,24,,,0,94,,12120,24,,,0,102,,12125,24,,,0,104,,12123,24,,,0,105,,12126,24,,,0,105,,12124,24,,,0
2401,'5454',738,,12105,24,,,0,103,,12102,24,,,0,107,,12104,24,,,0,104,,12103,24,,,0,148,,12106,24,,,0,101,,12108,24,,,0,109,,12109,24,,,0,102,,12107,24,,,0,93,,12110,24,,,0,107,,12111,24,,,0,101,,12112,24,,,0,99,,12113,24,,,0
2501,'4614',733,,16017,23,,,0,94,,16018,23,,,0,91,,16019,23,,,0,134,,16020,23,,,0,172,,16022,23,,,0,177,,16021,23,,,0,112,,16023,23,,,0,100,,16024,23,,,0,95,,16025,23,,,0,50,,16026,23,,,0
2501,'4616',1001,,12161,23,,,0,132,,12162,23,,,0,173,,12160,23,,,0,141,,12164,23,,,0,391,,12163,23,,,0
2501,'5454',1045,,12156,23,,,0,268,,12157,23,,,0,291,,12158,23,,,0,229,,12159,23,,,0
2601,'4614',620,,16045,18,,,0,38,,16044,18,,,0,75,,16046,18,,,0,80,,16048,18,,,0,39,,16047,18,,,0,156,,16049,18,,,0,126,,16050,18,,,0,174,,16051,18,,,0,137,,16052,18,,,0,78,,16054,18,,,0,35,,16055,18,,,0,78,,16053,18,,,0,75,,16056,18,,,0,41,,16057,18,,,0,72,,16058,18,,,0,108,,16059,18,,,0,174,,16060,18,,,0
2601,'4616',746,,12220,18,,,0,100,,12221,18,,,0,195,,12224,18,,,0,174,,12226,18,,,0,132,,12225,18,,,0,172,,12223,18,,,0,91,,12222,18,,,0,124,,12227,18,,,0,198,,12229,18,,,0,70,,12228,18,,,0,134,,12230,18,,,0
2601,'5454',725,,12215,18,,,0,76,,12214,18,,,0,324,,12216,18,,,0,231,,12217,18,,,0,288,,12218,18,,,0,303,,12219,18,,,0
8801,'4614',1628,,16136,17,,,0
