8801,'4614',1629,,16136,18,4,,0
9700,'4614',624,,16158,1,,,0,15,,16156,1,,,0,14,,16164,1,,,0,55,,16161,1,,,0,14,,16153,1,,,0,85,,16159,1,,,0,13,,16148,1,,,0,15,,16157,1,,,0,69,,16166,1,,,0,15,,16160,1,,,0,15,,16151,1,,,0,85,,16162,1,,,0,15,,16145,1,,,0,70,,16167,1,,,0,15,,16163,1,,,0,16,,16155,1,,,0,88,,16143,1,,,0,16,,16150,1,,,0,72,,16168,1,,,0,15,,16141,1,,,0,15,,16152,1,,,0,88,,16144,1,,,0,15,,16149,1,,,0,14,,16139,1,,,0,70,,16171,1,,,0,15,,16138,1,,,0,15,,16154,1,,,0,82,,16169,1,0,12,0,10,,16142,1,,,0,60,,16146,1,,,0,20,,16140,1,,,0,70,,16176,1,0,12,0,10,,16137,1,,,0,90,,16177,1,0,12,0,12,,16147,1,,,0,22,,16170,1,,,0,167,,16172,1,,,0,22,,16173,1,,,0,180,,16174,1,,,0,140,,16175,1,,,0
9700,'4616',709,,12445,1,,,0,30,,12441,1,,,0,70,,12446,1,,,0,30,,14985,1,,,0,69,,12444,1,,,0,30,,12442,1,,,0,70,,12448,1,,,0,30,,14986,1,,,0,70,,12443,1,,,0,30,,12447,1,,,0,70,,12453,1,,,0,30,,14987,1,,,0,70,,12449,1,,,0,30,,12454,1,,,0,70,,12451,1,,,0,30,,12455,1,,,0,70,,12456,1,,,0,30,,12457,1,,,0,70,,12459,1,,,0,30,,12461,1,,,0,70,,12462,1,,,0,36,,12458,1,,,0,70,,12463,1,,,0,30,,12460,1,,,0,70,,12464,1,,,0,30,,12477,1,,,0,70,,12467,1,,,0,30,,12470,1,,,0,70,,12465,1,,,0,30,,12471,1,,,0,70,,12468,1,,,0,30,,12472,1,,,0,70,,12466,1,,,0,30,,12473,1,,,0,70,,12469,1,,,0,30,,12474,1,,,0,70,,12475,1,,,0,30,,12476,1,,,0
9700,'4619',609,,16191,1,,,0,128,,16184,1,,,0,15,,16192,1,,,0,97,,16182,1,,,0,100,,16185,1,,,0,55,,16190,1,,,0,45,,16186,1,,,0,102,,16188,1,,,0,56,,16194,1,,,0,48,,16187,1,,,0,102,,16180,1,,,0,56,,16193,1,,,0,100,,16196,1,,,0,100,,16179,1,,,0,18,,16189,1,,,0,119,,16195,1,,,0,80,,16178,1,,,0,20,,16181,1,,,0,106,,16198,1,,,0,65,,16199,1,,,0,20,,16208,1,,,0,107,,16200,1,,,0,65,,16201,1,,,0,25,,16202,1,,,0,90,,16203,1,,,0,25,,16204,1,,,0,65,,16205,1,,,0,90,,16206,1,,,0,25,,16207,1,,,0,25,,16197,1,,,0
9700,'4931',609,,16222,1,,,0,128,,16215,1,,,0,15,,16223,1,,,0,97,,16213,1,,,0,100,,16216,1,,,0,55,,16221,1,,,0,45,,16217,1,,,0,102,,16219,1,,,0,56,,16225,1,,,0,48,,16218,1,,,0,102,,16211,1,,,0,56,,16224,1,,,0,100,,16227,1,,,0,100,,16210,1,,,0,18,,16220,1,,,0,119,,16226,1,,,0,80,,16209,1,,,0,20,,16212,1,,,0,106,,16228,1,,,0,65,,16229,1,,,0,20,,16237,1,,,0,107,,16230,1,,,0,65,,16231,1,,,0,25,,16232,1,,,0,90,,16233,1,,,0,25,,16234,1,,,0,65,,16235,1,,,0,90,,16236,1,,,0
9700,'5454',710,,12435,1,,,0,30,,12432,1,,,0,70,,12436,1,,,0,30,,12434,1,,,0,70,,12408,1,,,0,30,,12433,1,,,0,70,,12409,1,,,0,30,,12429,1,,,0,70,,12410,1,,,0,30,,12431,1,,,0,70,,12412,1,,,0,30,,12430,1,,,0,70,,12413,1,,,0,30,,12427,1,,,0,70,,12414,1,,,0,30,,12428,1,,,0,70,,12418,1,,,0,30,,12424,1,,,0,70,,12419,1,,,0,30,,12423,1,,,0,70,,12411,1,,,0,30,,12425,1,,,0,70,,12416,1,,,0,30,,12422,1,,,0,70,,12417,1,,,0,30,,12426,1,,,0,70,,12415,1,,,0,30,,12437,1,,,0,70,,12420,1,,,0,30,,12439,1,,,0,70,,12421,1,,,0,100,,12438,1,,,0
9701,'4614',638,,16267,14,4,,0,21,,16262,14,4,,0,51,,16254,6,4,,0,90,,16260,14,4,,0,8,,16252,10,4,,0,8,,16259,14,4,,0,31,,16270,14,4,,0,55,,16263,14,4,,0,15,,16258,14,4,,0,87,,16261,14,4,,0,17,,16249,14,4,,0,32,,16268,14,4,,0,56,,16265,14,4,,0,16,,16253,14,4,,0,88,,16264,14,4,,0,16,,16250,14,4,,0,72,,16271,14,4,,0,16,,16266,14,4,,0,15,,16255,14,4,,0,86,,16245,14,4,,0,15,,16251,14,4,,0,16,,16242,14,4,,0,66,,16269,14,4,,0,9,,16240,14,4,,0,19,,16257,14,4,,0,93,,16244,14,4,,0,18,,16248,14,4,,0,58,,16241,14,4,,0,33,,16239,14,4,,0,55,,16256,14,4,,0,47,,16246,14,4,,0,57,,16247,14,4,,0,17,,16243,14,4,,0,35,,16238,14,4,,0,96,,16272,14,4,,0,63,,16273,14,4,,0,139,,16274,14,4,,0,176,,16275,14,4,,0
9701,'4616',729,,12646,10,4,,0,92,,14988,14,4,,0,32,,12611,14,4,,0,70,,12615,14,4,,0,30,,12614,14,4,,0,70,,14989,14,4,,0,32,,12617,14,4,,0,70,,12618,14,4,,0,32,,12613,14,4,,0,70,,14990,14,4,,0,30,,12635,14,4,,0,70,,12636,14,4,,0,30,,12637,14,4,,0,70,,12625,14,4,,0,30,,12624,14,4,,0,70,,12619,14,4,,0,30,,12620,14,4,,0,70,,12622,14,4,,0,30,,12627,14,4,,0,69,,12629,14,4,,0,30,,12621,14,4,,0,70,,12626,14,4,,0,30,,12628,14,4,,0,69,,12649,14,4,,0,30,,12631,14,4,,0,68,,12638,14,4,,0,30,,12630,14,4,,0,70,,12639,14,4,,0,30,,12632,14,4,,0,70,,12642,14,4,,0,30,,12633,14,4,,0,69,,12641,14,4,,0,29,,12634,14,4,,0,70,,12640,14,4,,0,30,,12643,14,4,,0,70,,12645,14,4,,0,30,,12644,14,4,,0,70,,12648,14,4,,0
9701,'4619',604,,16289,6,4,,0,120,,16282,14,4,,0,21,,16291,14,4,,0,87,,16281,14,4,,0,100,,16283,14,4,,0,16,,16288,14,4,,0,90,,16280,14,4,,0,103,,16284,14,4,,0,16,,16293,14,4,,0,88,,16286,14,4,,0,103,,16285,14,4,,0,55,,16290,14,4,,0,101,,16287,14,4,,0,96,,16278,14,4,,0,19,,16294,14,4,,0,110,,16295,14,4,,0,86,,16277,14,4,,0,17,,16292,14,4,,0,107,,16296,14,4,,0,74,,16297,14,4,,0,20,,16279,14,4,,0,106,,16298,14,4,,0,65,,16299,14,4,,0,25,,16300,14,4,,0,90,,16301,14,4,,0,23,,16302,14,4,,0,63,,16303,14,4,,0,50,,16304,14,4,,0,65,,16305,14,4,,0,25,,16306,14,4,,0,85,,16308,14,4,,0
9701,'4931',604,,16321,6,4,,0,120,,16314,14,4,,0,21,,16323,14,4,,0,87,,16313,14,4,,0,100,,16315,14,4,,0,16,,16320,14,4,,0,90,,16312,14,4,,0,103,,16316,14,4,,0,16,,16325,14,4,,0,88,,16318,14,4,,0,103,,16317,14,4,,0,55,,16322,14,4,,0,101,,16319,14,4,,0,96,,16310,14,4,,0,19,,16326,14,4,,0,110,,16327,14,4,,0,86,,16309,14,4,,0,17,,16324,14,4,,0,107,,16328,14,4,,0,74,,16329,14,4,,0,20,,16311,14,4,,0,106,,16330,14,4,,0,65,,16331,14,4,,0,25,,16332,14,4,,0,90,,16333,14,4,,0,23,,16334,14,4,,0,63,,16335,14,4,,0,50,,16336,14,4,,0,65,,16337,14,4,,0,25,,16338,14,4,,0
9701,'5454',749,,12610,14,4,,0,70,,12605,14,4,,0,31,,12579,14,4,,0,71,,12599,14,4,,0,31,,12580,14,4,,0,71,,12607,14,4,,0,32,,12581,14,4,,0,70,,12604,14,4,,0,30,,12582,14,4,,0,70,,12602,14,4,,0,30,,12583,14,4,,0,70,,12603,14,4,,0,30,,12591,14,4,,0,71,,12598,14,4,,0,30,,12592,14,4,,0,70,,12596,14,4,,0,30,,12587,14,4,,0,69,,12606,14,4,,0,30,,12584,14,4,,0,70,,12593,14,4,,0,30,,12585,14,4,,0,68,,12597,14,4,,0,30,,12588,14,4,,0,69,,12601,14,4,,0,29,,12589,14,4,,0,69,,12600,14,4,,0,30,,12586,14,4,,0,69,,12595,14,4,,0,30,,12590,14,4,,0,69,,12608,14,4,,0,30,,12594,14,4,,0,99,,12609,14,4,,0
