100,'4614',600,,15015,1,,,0,30,,15027,1,,,0,70,,15016,1,,,0,15,,15008,1,,,0,15,,15026,1,,,0,16,,15006,1,,,0,56,,15013,1,,,0,16,,15007,1,,,0,16,,15025,1,,,0,16,,15005,1,,,0,56,,15017,1,,,0,16,,15009,1,0,13,0,16,,15028,1,,,0,72,,15018,1,,,0,32,,15029,1,,,0,72,,15014,1,,,0,33,,15024,1,,,0,73,,15019,1,,,0,33,,15030,1,,,0,73,,15020,1,,,0,33,,15032,1,,,0,57,,15001,1,,,0,17,,15011,1,,,0,17,,14991,1,,,0,60,,15023,1,,,0,20,,15002,1,,,0,20,,15021,1,,,0,60,,14992,1,,,0,20,,15022,1,,,0,20,,15000,1,,,0,57,,15012,1,,,0,17,,14999,1,,,0,17,,15031,1,,,0,17,,15004,1,,,0,57,,15010,1,,,0,15,,14998,1,,,0,70,,15003,1,,,0,30,,14994,1,,,0,100,,14996,1,,,0,100,,14995,1,,,0,100,,14997,1,,,0,100,,14993,1,,,0
100,'4616',734,,10096,1,,,0,70,,10066,1,,,0,30,,10067,1,,,0,70,,10068,1,,,0,30,,10069,1,,,0,70,,10070,1,,,0,30,,10071,1,,,0,70,,10092,1,,,0,30,,10072,1,,,0,70,,10073,1,,,0,30,,10074,1,,,0,70,,10075,1,,,0,30,,10076,1,,,0,70,,10077,1,,,0,30,,10078,1,,,0,70,,10079,1,,,0,30,,10080,1,,,0,70,,10081,1,,,0,30,,10082,1,,,0,70,,10083,1,,,0,30,,10084,1,,,0,70,,10085,1,,,0,30,,10093,1,,,0,70,,10087,1,,,0,30,,10094,1,,,0,70,,10088,1,,,0,30,,10095,1,,,0,72,,10089,1,,,0,100,,10086,1,,,0,100,,10090,1,,,0,100,,10091,1,,,0
100,'5454',733,,10065,1,,,0,100,,10050,1,,,0,100,,10051,1,,,0,100,,10052,1,,,0,100,,10053,1,,,0,100,,10054,1,,,0,100,,10055,1,,,0,100,,10056,1,,,0,100,,10057,1,,,0,100,,10058,1,,,0,100,,10059,1,,,0,100,,10060,1,,,0,100,,10061,1,,,0,100,,10062,1,,,0,100,,10063,1,,,0,100,,10064,1,,,0
101,'4614',619,,15064,25,4,,0,32,,15054,25,4,,0,70,,15068,25,4,,0,16,,15050,25,4,,0,17,,15060,25,4,,0,57,,15051,25,4,,0,9,,15033,25,4,,0,7,,15065,25,4,,0,16,,15049,25,4,,0,16,,15058,25,4,,0,55,,15052,25,4,,0,16,,15067,25,4,,0,72,,15055,25,4,,0,33,,15070,25,4,,0,72,,15056,25,4,,0,33,,15066,25,4,,0,74,,15059,25,4,,0,33,,15071,25,4,,0,73,,15057,25,4,,0,33,,15069,25,4,,0,57,,15044,25,4,,0,17,,15061,25,4,,0,17,,15041,25,4,,0,57,,15072,25,4,,0,21,,15048,25,4,,0,20,,15053,25,4,,0,60,,15042,25,4,,0,19,,15073,25,4,,0,20,,15045,25,4,,0,59,,15062,25,4,,0,17,,15043,25,4,,0,17,,15074,25,4,,0,15,,15047,25,4,,0,57,,15063,25,4,,0,16,,15039,25,4,,0,30,,15046,25,4,,0,69,,15038,25,4,,0,100,,15040,25,4,,0,100,,15035,25,4,,0,99,,15036,25,4,,0,99,,15037,25,4,,0,99,,15034,25,4,,0
101,'4616',723,,10186,25,4,,0,31,,10185,25,4,,0,70,,10157,25,4,,0,31,,10158,25,4,,0,70,,10155,25,4,,0,31,,10156,25,4,,0,70,,10159,25,4,,0,31,,10160,25,4,,0,70,,10165,25,4,,0,30,,10164,25,4,,0,70,,10163,25,4,,0,30,,10162,25,4,,0,70,,10167,25,4,,0,30,,10161,25,4,,0,70,,10168,25,4,,0,30,,10180,25,4,,0,70,,10181,25,4,,0,30,,10171,25,4,,0,70,,10170,25,4,,0,30,,10172,25,4,,0,70,,10166,25,4,,0,29,,10169,25,4,,0,70,,10182,25,4,,0,30,,10175,25,4,,0,69,,10183,25,4,,0,30,,10173,25,4,,0,70,,10184,25,4,,0,75,,10176,25,4,,0,100,,10174,25,4,,0,59,,10177,25,4,,0,99,,10178,25,4,,0,95,,10179,25,4,,0
101,'5454',724,,10154,25,4,,0,101,,10139,25,4,,0,100,,10140,25,4,,0,101,,10141,25,4,,0,100,,10142,25,4,,0,101,,10143,25,4,,0,100,,10144,25,4,,0,100,,10145,25,4,,0,100,,10146,25,4,,0,100,,10147,25,4,,0,100,,10148,25,4,,0,100,,10149,25,4,,0,99,,10150,25,4,,0,99,,10151,25,4,,0,100,,10152,25,4,,0,100,,10153,25,4,,0
500,'4614',615,,15145,1,,,0,30,,15150,1,,,0,70,,15148,1,,,0,30,,15149,1,,,0,70,,15147,1,,,0,15,,15155,1,,,0,15,,15143,1,,,0,70,,15151,1,,,0,30,,15144,1,,,0,70,,15141,1,,,0,100,,15154,1,,,0,100,,15142,1,,,0,100,,15129,1,,,0,100,,15152,1,,,0,30,,15136,1,,,0,70,,15140,1,,,0,15,,15156,1,,,0,15,,15131,1,,,0,70,,15146,1,,,0,30,,15130,1,,,0,70,,15153,1,,,0,30,,15134,1,,,0,100,,15137,1,,,0,100,,15132,1,,,0,100,,15139,1,,,0,100,,15138,1,,,0,100,,15135,1,,,0,100,,15133,1,,,0
500,'4616',747,,10322,1,,,0,70,,10323,1,,,0,30,,10324,1,,,0,70,,10325,1,,,0,30,,10326,1,,,0,70,,10327,1,,,0,30,,10328,1,,,0,70,,10329,1,,,0,30,,10330,1,,,0,70,,10331,1,,,0,30,,10332,1,,,0,70,,10333,1,,,0,30,,10334,1,,,0,70,,10335,1,,,0,30,,10336,1,,,0,70,,10337,1,,,0,30,,10338,1,,,0,70,,10339,1,,,0,30,,10340,1,,,0,70,,10341,1,,,0,30,,10342,1,,,0,90,,10343,1,,,0,100,,10344,1,,,0,100,,10345,1,,,0,100,,10346,1,,,0
500,'5454',803,,10321,1,,,0,100,,10318,1,,,0,100,,10315,1,,,0,100,,10317,1,,,0,100,,10311,1,,,0,100,,10320,1,,,0,100,,10319,1,,,0,100,,10314,1,,,0,100,,10313,1,,,0,100,,10308,1,,,0,100,,10309,1,,,0,100,,10312,1,,,0,100,,10310,1,,,0,100,,10316,1,,,0
501,'4614',632,,15178,19,4,,0,70,,15160,19,4,,0,30,,15177,19,4,,0,75,,15175,19,4,,0,24,,15185,32,4,,0,7,,15174,19,4,,0,69,,15171,19,4,,0,27,,15173,19,4,,0,70,,15183,19,4,,0,100,,15180,19,4,,0,100,,15158,19,4,,0,100,,15176,19,4,,0,100,,15159,19,4,,0,32,,15164,19,4,,0,70,,15172,19,4,,0,23,,15187,19,4,,0,8,,15184,33,4,,0,9,,15161,19,4,,0,62,,15182,19,4,,0,30,,15162,19,4,,0,69,,15181,19,4,,0,29,,15167,19,4,,0,69,,15179,19,4,,0,29,,15169,19,4,,0,99,,15166,19,4,,0,100,,15163,19,4,,0,99,,15168,19,4,,0,99,,15165,19,4,,0,112,,15170,33,4,,0
501,'4616',736,,10391,19,4,,0,71,,10392,19,4,,0,30,,10393,19,4,,0,70,,10394,19,4,,0,31,,10395,19,4,,0,70,,10396,19,4,,0,30,,10397,19,4,,0,70,,10398,19,4,,0,30,,10399,19,4,,0,70,,10400,19,4,,0,30,,10401,19,4,,0,70,,10402,19,4,,0,30,,10403,19,4,,0,70,,10404,19,4,,0,30,,10405,19,4,,0,70,,10406,19,4,,0,30,,10407,19,4,,0,70,,10408,19,4,,0,30,,10409,19,4,,0,70,,10410,19,4,,0,30,,10411,19,4,,0,90,,10412,19,4,,0,100,,10413,19,4,,0,100,,10414,19,4,,0,99,,10415,19,4,,0,98,,10416,19,4,,0
501,'5454',751,,10390,19,4,,0,100,,10378,19,4,,0,102,,10380,19,4,,0,100,,10379,19,4,,0,100,,10381,19,4,,0,100,,10382,19,4,,0,100,,10383,19,4,,0,100,,10384,19,4,,0,100,,10385,19,4,,0,100,,10388,19,4,,0,99,,10389,19,4,,0,100,,10386,19,4,,0,100,,10387,19,4,,0,99,,10377,19,4,,0
