2400,'4614',558,,15966,18,4,,0,145,,15967,18,4,,0,32,,15968,18,4,,0,109,,15969,18,4,,0,66,,15971,18,4,,0,30,,15970,18,4,,0,108,,15972,18,4,,0,104,,15973,18,4,,0,104,,15974,18,4,,0,146,,15975,18,4,,0,112,,15976,18,4,,0,32,,15978,18,4,,0,71,,15979,18,4,,0,32,,15977,18,4,,0,72,,15981,18,4,,0,32,,15980,18,4,,0,80,,15982,18,4,,0,96,,15983,18,4,,0,116,,15985,18,4,,0,100,,15984,18,4,,0,103,,15986,18,4,,0
2400,'4616',728,,12073,18,4,,0,100,,12074,18,4,,0,183,,12070,18,4,,0,110,,12069,18,4,,0,104,,12071,18,4,,0,106,,12072,18,4,,0,170,,12076,18,4,,0,51,,12075,18,4,,0,161,,12077,18,4,,0,24,,12080,18,4,,0,108,,12079,18,4,,0,105,,12081,18,4,,0,105,,12078,18,4,,0
2400,'5454',819,,12058,18,4,,0,108,,12060,18,4,,0,104,,12059,18,4,,0,107,,12061,18,4,,0,102,,12063,18,4,,0,108,,12064,18,4,,0,103,,12062,18,4,,0,92,,12065,18,4,,0,108,,12066,18,4,,0,101,,12068,18,4,,0,102,,12067,18,4,,0
2401,'4614',604,,15987,1,,,0,104,,15988,1,,,0,32,,15989,1,,,0,106,,15990,1,,,0,71,,15991,1,,,0,32,,15992,1,,,0,103,,15995,1,,,0,104,,15993,1,,,0,103,,15994,1,,,0,148,,15996,1,,,0,114,,15997,1,,,0,31,,15999,1,,,0,69,,16000,1,,,0,32,,15998,1,,,0,72,,16001,1,,,0,32,,16002,1,,,0,83,,16004,1,,,0,94,,16003,1,,,0,116,,16005,1,,,0,101,,16006,1,,,0
2401,'4616',817,,12119,1,,,0,100,,12116,1,,,0,98,,12117,1,,,0,111,,12114,1,,,0,104,,12118,1,,,0,107,,12115,1,,,0,89,,12121,1,,,0,123,,12122,1,,,0,94,,12120,1,,,0,102,,12125,1,,,0,105,,12123,1,,,0,105,,12126,1,,,0,145,,12124,1,,,0
2401,'5454',722,,12105,1,,,0,103,,12102,1,,,0,107,,12104,1,,,0,104,,12103,1,,,0,108,,12106,1,,,0,101,,12108,1,,,0,109,,12109,1,,,0,102,,12107,1,,,0,93,,12110,1,,,0,107,,12111,1,,,0,101,,12112,1,,,0,99,,12113,1,,,0
2500,'4614',759,,16007,19,4,,0,91,,16008,19,4,,0,90,,16009,19,4,,0,177,,16010,19,4,,0,135,,16011,19,4,,0,174,,16012,19,4,,0,115,,16014,19,4,,0,100,,16013,19,4,,0,92,,16015,19,4,,0,89,,16016,19,4,,0
2500,'4616',933,,12141,19,4,,0,172,,12143,19,4,,0,134,,12142,19,4,,0,171,,12144,19,4,,0,401,,12145,19,4,,0
2500,'5454',1017,,12137,19,4,,0,228,,12138,19,4,,0,295,,12139,19,4,,0,269,,12140,19,4,,0
2501,'4614',714,,16017,1,,,0,94,,16018,1,,,0,51,,16019,1,,,0,174,,16020,1,,,0,171,,16022,1,,,0,137,,16021,1,,,0,112,,16023,1,,,0,100,,16024,1,,,0,95,,16025,1,,,0,91,,16026,1,,,0
2501,'4616',942,,12161,1,,,0,172,,12162,1,,,0,133,,12160,1,,,0,181,,12164,1,,,0,391,,12163,1,,,0
2501,'5454',1026,,12156,1,,,0,228,,12157,1,,,0,291,,12158,1,,,0,269,,12159,1,,,0
