300,'4614',701,,15103,16,,,0,30,,15100,16,,,0,70,,15101,16,,,0,30,,15102,16,,,0,70,,15099,16,,,0,630,,15097,16,,,0,70,,15094,16,,,0,30,,15098,16,,,0,70,,15095,16,,,0,30,,15096,16,,,0,125,,15105,16,,,0,265,,15104,16,,,0,104,,15106,16,,,0
300,'4616',711,,10251,16,,,0,230,,10250,16,,,0,270,,10252,16,,,0,230,,10253,16,,,0,270,,10255,16,,,0,230,,10254,16,,,0,279,,10256,16,,,0
300,'5454',711,,10245,16,,,0,230,,10244,16,,,0,270,,10246,16,,,0,230,,10248,16,,,0,270,,10243,16,,,0,230,,10249,16,,,0,279,,10247,16,,,0
601,'4614',624,,15213,14,,,0,35,,15225,14,,,0,63,,15226,2,,,0,12,,15212,14,,,0,76,,15227,14,,,0,35,,15211,14,,,0,75,,15228,14,,,0,35,,15216,14,,,0,150,,15215,14,,,0,110,,15218,14,,,0,110,,15217,14,,,0,75,,15219,14,,,0,35,,15214,14,,,0,70,,15229,2,,,0,5,,15221,14,,,0,36,,15210,14,,,0,75,,15220,14,,,0,35,,15208,14,,,0,74,,15222,14,,,0,75,,15209,14,,,0,110,,15223,14,,,0,110,,15224,14,,,0,210,,15230,14,,,0
601,'4616',814,,10486,14,,,0,100,,10487,14,,,0,100,,14207,14,,,0,100,,10490,14,,,0,100,,10488,14,,,0,100,,14209,14,,,0,100,,10492,14,,,0,100,,14208,14,,,0,200,,14210,14,,,0
601,'5454',809,,10480,14,,,0,120,,10479,14,,,0,120,,10478,14,,,0,160,,10482,14,,,0,120,,10483,14,,,0,120,,10484,14,,,0,160,,10481,14,,,0,120,,10485,14,,,0
1800,'4614',619,,15688,14,,,0,106,,15689,14,,,0,27,,15670,14,,,0,66,,15690,14,,,0,29,,15671,14,,,0,68,,15693,14,,,0,27,,15672,14,,,0,80,,15676,14,,,0,80,,15675,14,,,0,40,,15673,14,,,0,80,,15674,14,,,0,80,,15669,14,,,0,40,,15680,14,,,0,80,,15678,14,,,0,28,,15692,14,,,0,67,,15681,14,,,0,29,,15691,14,,,0,68,,15679,14,,,0,30,,15694,14,,,0,66,,15677,14,,,0,30,,15695,14,,,0,70,,15682,14,,,0,95,,15684,14,,,0,37,,15683,14,,,0,80,,15685,14,,,0,83,,15686,14,,,0,115,,15687,14,,,0
1800,'4616',738,,11446,14,,,0,101,,11438,14,,,0,100,,14672,14,,,0,100,,11437,14,,,0,100,,11436,14,,,0,100,,14673,14,,,0,100,,11441,14,,,0,100,,14674,14,,,0,100,,11443,14,,,0,100,,14675,14,,,0,100,,14676,14,,,0,84,,14677,14,,,0,115,,14678,14,,,0,115,,14679,14,,,0,155,,14680,14,,,0,115,,14681,14,,,0,115,,14682,14,,,0
1800,'5454',738,,14671,14,,,0,102,,14664,14,,,0,115,,14663,14,,,0,160,,14662,14,,,0,115,,14661,14,,,0,120,,14660,14,,,0,155,,14659,14,,,0,120,,14665,14,,,0,115,,14666,14,,,0,118,,14667,14,,,0,155,,14668,14,,,0,115,,14669,14,,,0,115,,14670,14,,,0
1900,'4614',711,,15755,8,,,0,20,,15754,8,,,0,20,,15751,8,,,0,60,,15752,8,,,0,20,,15729,8,,,0,20,,15749,8,,,0,61,,15728,8,,,0,35,,15735,8,,,0,75,,15732,8,,,0,35,,15731,8,,,0,75,,15730,8,,,0,75,,15733,8,,,0,35,,15734,8,,,0,75,,15737,8,,,0,35,,15738,8,,,0,75,,15741,8,,,0,20,,15723,8,,,0,1,,15756,2,,,0,59,,15739,8,,,0,20,,15724,8,,,0,20,,15740,8,,,0,60,,15726,8,,,0,20,,15736,8,,,0,20,,15725,8,,,0,60,,15743,8,,,0,20,,15727,8,,,0,20,,15742,8,,,0,75,,15744,8,,,0,35,,15746,8,,,0,74,,15747,8,,,0,75,,15745,8,,,0,35,,15748,8,,,0,100,,15753,8,,,0,110,,15750,8,,,0
1900,'4616',736,,14756,8,,,0,75,,14757,8,,,0,35,,14758,8,,,0,75,,14755,8,,,0,35,,14759,8,,,0,75,,14761,8,,,0,75,,14762,8,,,0,35,,14763,8,,,0,75,,14760,8,,,0,35,,14764,8,,,0,75,,14766,8,,,0,75,,14767,8,,,0,35,,14768,8,,,0,75,,14765,8,,,0,35,,14769,8,,,0,75,,14770,8,,,0,35,,14771,8,,,0,75,,14772,8,,,0,75,,14773,8,,,0,100,,14774,8,,,0,115,,14775,8,,,0,115,,14776,8,,,0,115,,14778,8,,,0,155,,14777,8,,,0
1900,'5454',806,,14748,8,,,0,115,,14747,8,,,0,120,,14746,8,,,0,115,,14745,8,,,0,160,,14744,8,,,0,115,,14743,8,,,0,120,,14749,8,,,0,155,,14750,8,,,0,120,,14752,8,,,0,115,,14751,8,,,0,115,,14753,8,,,0,155,,14754,8,,,0
