2401,'4614',606,,15987,2,,,0,104,,15988,2,,,0,32,,15989,2,,,0,106,,15990,2,,,0,71,,15991,2,,,0,32,,15992,2,,,0,103,,15995,2,,,0,104,,15993,2,,,0,143,,15994,2,,,0,108,,15996,2,,,0,115,,15997,2,,,0,30,,15999,2,,,0,69,,16000,2,,,0,32,,15998,2,,,0,72,,16001,2,,,0,32,,16002,2,,,0,83,,16004,2,,,0,94,,16003,2,,,0,116,,16005,2,,,0,101,,16006,2,,,0
2401,'4616',819,,12119,2,,,0,100,,12116,2,,,0,98,,12117,2,,,0,111,,12114,2,,,0,104,,12118,2,,,0,107,,12115,2,,,0,89,,12121,2,,,0,123,,12122,2,,,0,94,,12120,2,,,0,102,,12125,2,,,0,105,,12123,2,,,0,105,,12126,2,,,0,145,,12124,2,,,0
2401,'5454',724,,12105,2,,,0,103,,12102,2,,,0,107,,12104,2,,,0,104,,12103,2,,,0,108,,12106,2,,,0,101,,12108,2,,,0,109,,12109,2,,,0,102,,12107,2,,,0,93,,12110,2,,,0,107,,12111,2,,,0,101,,12112,2,,,0,99,,12113,2,,,0
2501,'4614',715,,16017,2,,,0,94,,16018,2,,,0,91,,16019,2,,,0,134,,16020,2,,,0,171,,16022,2,,,0,137,,16021,2,,,0,112,,16023,2,,,0,100,,16024,2,,,0,95,,16025,2,,,0,91,,16026,2,,,0
2501,'4616',943,,12161,2,,,0,172,,12162,2,,,0,133,,12160,2,,,0,181,,12164,2,,,0,391,,12163,2,,,0
2501,'5454',1027,,12156,2,,,0,228,,12157,2,,,0,291,,12158,2,,,0,269,,12159,2,,,0
2601,'4614',610,,16045,2,,,0,37,,16044,2,,,0,75,,16046,2,,,0,79,,16048,2,,,0,36,,16047,2,,,0,120,,16049,2,,,0,166,,16050,2,,,0,134,,16051,2,,,0,176,,16052,2,,,0,77,,16054,2,,,0,35,,16055,2,,,0,79,,16053,2,,,0,35,,16056,2,,,0,82,,16057,2,,,0,72,,16058,2,,,0,108,,16059,2,,,0,134,,16060,2,,,0
2601,'4616',735,,12220,2,,,0,100,,12221,2,,,0,195,,12224,2,,,0,173,,12226,2,,,0,132,,12225,2,,,0,172,,12223,2,,,0,51,,12222,2,,,0,164,,12227,2,,,0,199,,12229,2,,,0,30,,12228,2,,,0,174,,12230,2,,,0
2601,'5454',715,,12215,2,,,0,35,,12214,2,,,0,364,,12216,2,,,0,231,,12217,2,,,0,288,,12218,2,,,0,303,,12219,2,,,0
2801,'4614',711,,16067,2,,,0,92,,16068,2,,,0,699,,16069,2,,,0,99,,16070,2,,,0,55,,16071,2,,,0,100,,16072,2,,,0
2900,'4614',639,,16073,29,,,0,70,,16074,29,,,0,30,,16076,29,,,0,76,,16075,29,,,0,30,,16083,29,,,0,675,,16084,29,,,0,35,,16082,29,,,0,69,,16079,29,,,0,30,,16077,29,,,0,75,,16078,29,,,0,75,,16080,29,,,0,110,,16081,29,,,0
