1000,'4614',549,,15400,34,4,,0,80,,15394,34,4,,0,20,,15382,34,4,,0,60,,15390,34,4,,0,21,,15385,34,4,,0,23,,15396,34,4,,0,60,,15383,34,4,,0,20,,15391,34,4,,0,20,,15381,34,4,,0,61,,15387,34,4,,0,25,,15397,34,4,,0,74,,15384,34,4,,0,32,,15386,34,4,,0,73,,15395,34,4,,0,32,,15392,34,4,,0,72,,15389,34,4,,0,32,,15399,34,4,,0,72,,15393,34,4,,0,32,,15388,34,4,,0,72,,15398,34,4,,0,28,,15414,34,4,,0,61,,15380,34,4,,0,20,,15402,34,4,,0,61,,15403,34,4,,0,20,,15404,34,4,,0,20,,15405,34,4,,0,60,,15406,34,4,,0,19,,15407,34,4,,0,18,,15408,34,4,,0,18,,15409,34,4,,0,58,,15410,34,4,,0,19,,15411,34,4,,0,79,,15412,34,4,,0,39,,15413,34,4,,0,80,,15378,34,4,,0,78,,15415,34,4,,0,39,,15379,34,4,,0,78,,15376,34,4,,0,80,,15416,34,4,,0,40,,15375,34,4,,0,79,,15377,34,4,,0,80,,15417,34,4,,0
1000,'4616',758,,10889,34,4,,0,86,,10876,34,4,,0,87,,10877,34,4,,0,87,,10871,34,4,,0,86,,10870,34,4,,0,45,,10878,34,4,,0,85,,10879,34,4,,0,85,,10872,34,4,,0,85,,10885,34,4,,0,45,,10886,34,4,,0,85,,10883,34,4,,0,85,,10888,34,4,,0,85,,10881,34,4,,0,44,,10875,34,4,,0,83,,10890,34,4,,0,84,,10880,34,4,,0,44,,10868,34,4,,0,85,,10884,34,4,,0,82,,10873,34,4,,0,84,,10869,34,4,,0,43,,10887,34,4,,0,84,,10874,34,4,,0,85,,10882,34,4,,0
1000,'5454',755,,10857,34,4,,0,87,,10845,34,4,,0,86,,10858,34,4,,0,85,,10846,34,4,,0,46,,10847,34,4,,0,85,,10849,34,4,,0,85,,10859,34,4,,0,85,,10850,34,4,,0,45,,10848,34,4,,0,85,,10851,34,4,,0,85,,10860,34,4,,0,85,,10852,34,4,,0,45,,10855,34,4,,0,85,,10856,34,4,,0,82,,10861,34,4,,0,85,,10854,34,4,,0,44,,10853,34,4,,0,85,,10864,34,4,,0,82,,10865,34,4,,0,85,,10862,34,4,,0,45,,10867,34,4,,0,85,,10863,34,4,,0,85,,10866,34,4,,0
1001,'4614',520,,15422,1,,,0,20,,15445,1,,,0,60,,15423,1,,,0,20,,15424,1,,,0,20,,15425,1,,,0,60,,15426,1,,,0,15,,15427,1,,,0,15,,15428,1,,,0,20,,15429,1,,,0,60,,15430,1,,,0,20,,15431,1,,,0,20,,15432,1,,,0,60,,15433,1,,,0,20,,15434,1,,,0,28,,15435,1,,,0,72,,15446,1,,,0,72,,15436,1,,,0,32,,15437,1,,,0,72,,15438,1,,,0,32,,15439,1,,,0,72,,15440,1,,,0,32,,15447,1,,,0,72,,15441,1,,,0,30,,15457,1,,,0,68,,15458,1,,,0,20,,15442,1,,,0,20,,15448,1,,,0,60,,15449,1,,,0,20,,15450,1,,,0,20,,15451,1,,,0,60,,15452,1,,,0,20,,15453,1,,,0,20,,15454,1,,,0,60,,15455,1,,,0,30,,15461,1,,,0,80,,15462,1,,,0,80,,15456,1,,,0,40,,15443,1,,,0,80,,15444,1,,,0,80,,15459,1,,,0,40,,15421,1,,,0,80,,15418,1,,,0,80,,15460,1,,,0,40,,15419,1,,,0,73,,15420,1,0,5 6,0
1001,'4616',730,,10962,1,,,0,85,,10960,1,,,0,85,,10961,1,,,0,45,,10976,1,,,0,85,,10968,1,,,0,85,,10974,1,,,0,85,,10972,1,,,0,45,,10981,1,,,0,85,,10965,1,,,0,85,,10977,1,,,0,85,,10971,1,,,0,45,,10969,1,,,0,85,,10959,1,,,0,85,,10964,1,,,0,85,,10973,1,,,0,45,,10970,1,,,0,85,,10979,1,,,0,85,,10963,1,,,0,85,,10967,1,,,0,45,,10975,1,,,0,85,,10966,1,,,0,85,,10978,1,,,0,85,,10980,1,,,0
1001,'5454',730,,10936,1,,,0,85,,10942,1,,,0,85,,10949,1,,,0,45,,10939,1,,,0,85,,10937,1,,,0,85,,10938,1,,,0,85,,10950,1,,,0,45,,10941,1,,,0,85,,10940,1,,,0,85,,10947,1,,,0,85,,10951,1,,,0,45,,10943,1,,,0,85,,10948,1,,,0,85,,10945,1,,,0,85,,10952,1,,,0,45,,10946,1,,,0,85,,10944,1,,,0,85,,10956,1,,,0,85,,10955,1,,,0,45,,10957,1,,,0,85,,10954,1,,,0,85,,10958,1,,,0,85,,10953,1,,,0
1400,'4614',720,,15602,42,4,,0,30,,15603,42,4,,0,71,,15601,42,4,,0,33,,15600,42,4,,0,70,,15604,42,4,,0,30,,15618,42,4,,0,100,,15619,42,4,,0,100,,15617,42,4,,0,100,,15620,42,4,,0,100,,15610,42,4,,0,101,,15611,42,4,,0,100,,15606,42,4,,0,69,,15605,42,4,,0,30,,15607,42,4,,0,70,,15608,42,4,,0,30,,15609,42,4,,0,68,,15616,42,4,,0,28,,15615,42,4,,0,100,,15614,42,4,,0,100,,15613,42,4,,0,100,,15612,42,4,,0
1400,'4616',841,,11289,42,4,,0,105,,11290,42,4,,0,100,,11286,42,4,,0,100,,11287,42,4,,0,100,,11285,42,4,,0,100,,11288,42,4,,0,100,,11284,42,4,,0,100,,11277,42,4,,0,100,,11278,42,4,,0,100,,11280,42,4,,0,95,,11281,42,4,,0,100,,11279,42,4,,0,100,,11282,42,4,,0,100,,11283,42,4,,0
1400,'5454',841,,11267,42,4,,0,105,,11268,42,4,,0,100,,11266,42,4,,0,100,,11263,42,4,,0,100,,11265,42,4,,0,100,,11269,42,4,,0,100,,11264,42,4,,0,100,,11275,42,4,,0,100,,11276,42,4,,0,100,,11272,42,4,,0,95,,11273,42,4,,0,100,,11271,42,4,,0,100,,11274,42,4,,0,100,,11270,42,4,,0
1401,'4614',635,,15622,1,,,0,70,,15624,1,,,0,30,,15625,1,,,0,70,,15621,1,,,0,30,,15623,1,,,0,70,,15632,1,,,0,100,,15633,1,,,0,100,,15634,1,,,0,100,,15635,1,,,0,100,,15636,1,,,0,100,,15637,1,,,0,100,,15627,1,,,0,30,,15629,1,,,0,70,,15626,1,,,0,30,,15628,1,,,0,70,,15630,1,,,0,30,,15638,1,,,0,70,,15639,1,,,0,100,,15640,1,,,0,100,,15641,1,,,0,100,,15631,1,,,0
1401,'4616',800,,11334,1,,,0,100,,11336,1,,,0,100,,11335,1,,,0,100,,11338,1,,,0,100,,11339,1,,,0,100,,11337,1,,,0,100,,11333,1,,,0,100,,11327,1,,,0,100,,11328,1,,,0,100,,11329,1,,,0,100,,11326,1,,,0,100,,11331,1,,,0,100,,11330,1,,,0,100,,11332,1,,,0
1401,'5454',800,,11312,1,,,0,100,,11315,1,,,0,100,,11314,1,,,0,100,,11317,1,,,0,100,,11318,1,,,0,100,,11316,1,,,0,100,,11313,1,,,0,100,,11321,1,,,0,100,,11322,1,,,0,100,,11319,1,,,0,100,,11324,1,,,0,100,,11325,1,,,0,100,,11323,1,,,0,100,,11320,1,,,0
